8342,6531,1508,169,300,646,278,84,75,3,0,0,0,0,0,0,0,0,0,0,0,4,0,0,0,4,4,0,0,0,1.560498221,1.864245018,1.668991459,4.330901857,8.923076923,2135,1.415782493,154,0.102122016,428,0.283819629,313,0.207559682,0.45,0.49928586,1,0,0,6,7,2,10,0,0.00309119,0,0.563333333,13,0,52,232,0.059420772,0.052596538,0.88798269,3.430086207,78.00287798,4.596233422,-257.9832958,4.372781065,7.654111406,8.582432069,4.095209682,37.30503979,1.852071006,12.63313609,1
5019,3943,896,81,178,433,149,52,25,4,0,0,0,0,0,1,0,0,0,0,0,2,1,0,0,4,2,0,0,0,1.574534161,1.904686957,1.694237578,4.400669643,11.0617284,1299,1.449776786,94,0.104910714,278,0.310267857,195,0.217633929,0.55,0.561452822,0,0,0,2,2,2,5,0,0.004608295,0,0.45505618,5,0,22,129,0.06040795,0.049424686,0.890167364,4.828018215,72.95622961,5.831440146,-321.7319077,5.691358025,8.621119929,9.283225566,4.20172713,42.08851411,2.407407407,16.03703704,0
5079,3850,880,90,347,348,167,39,50,7,0,0,0,0,0,0,0,0,0,0,0,2,1,0,0,3,1,0,0,0,1.57577548,1.870473412,1.696249483,4.375,9.777777778,1244,1.413636364,95,0.107954545,287,0.326136364,204,0.231818182,0.5,0.47020202,0,0,0,4,4,0,13,0,0.005730659,0,0.259365994,3,0,53,112,0.071907216,0.043814433,0.884278351,4.065138889,77.31691919,4.904242424,-283.3645833,4.944444444,8.229292929,8.998388855,4.138523801,42.39141414,2.266666667,13.82222222,1
379,294,70,10,16,32,9,3,5,0,0,0,0,0,0,0,0,0,0,0,0,0,0,0,0,0,1,0,0,0,1.585,1.7996075,1.6520275,4.2,7,97,1.385714286,5,0.071428571,19,0.271428571,12,0.171428571,0.83,0.557142857,0,0,0,0,0,0,0,0,0.060606061,0,0.625,1,0,4,5,0.078703704,0.060185185,0.861111111,1.852,82.49857143,3.491428571,-201.062,3,5.657142857,7.16862163,3.994978571,34.14285714,1.2,9.7,1
1739,1288,313,50,139,115,77,27,15,1,0,0,0,0,0,0,0,0,0,0,0,0,1,0,0,1,2,0,0,0,1.547761194,1.921227239,1.707494776,4.115015974,6.26,420,1.341853035,20,0.063897764,89,0.284345048,66,0.21086262,0.58,0.393801917,0,0,0,1,1,0,1,0,0.017241379,0,0.35971223,0,0,15,62,0.076203209,0.046122995,0.877673797,1.08172524,86.96033323,2.685265815,-179.3625559,2.53,5.059910543,6.742157985,3.957085457,34.69450479,1.32,8.4,1
5711,4486,965,102,247,426,153,61,36,6,1,0,0,0,0,0,0,0,0,0,0,8,2,0,0,9,3,0,0,0,1.489635037,1.814423358,1.664926277,4.648704663,9.460784314,1480,1.533678756,137,0.141968912,322,0.333678756,223,0.231088083,0.53,0.544518947,2,0,0,4,6,0,4,0,0.004683841,0,0.412955466,9,0,25,129,0.061388889,0.050277778,0.888333333,5.195791121,67.48308112,6.197115209,-272.2426589,5.073529412,9.463070202,9.749818661,4.128171793,42.82865996,2.18627451,14.50980392,1
2612,1895,467,68,234,206,85,27,33,1,0,0,0,0,0,0,0,0,0,0,0,0,2,0,0,2,0,0,0,0,1.510050251,1.87415603,1.719295226,4.057815846,6.867647059,630,1.349036403,29,0.062098501,131,0.280513919,90,0.192719486,0.46,0.410851493,0,0,0,3,3,1,5,0,0.009661836,0,0.290598291,5,0,21,59,0.087458746,0.041666667,0.870874587,1.116136163,85.73585858,3.007011903,-197.9288764,2.860294118,5.230998866,6.859792709,3.986940647,34.91903892,1.323529412,9.264705882,0
673,508,129,11,37,51,29,6,9,1,0,0,0,0,0,0,0,0,0,0,0,0,0,0,0,0,0,0,0,0,1.493877551,1.821283673,1.692058163,3.937984496,11.72727273,164,1.271317829,10,0.07751938,33,0.255813953,23,0.178294574,0.73,0.55602537,0,0,0,0,0,0,0,0,0.038461538,0,0.297297297,2,0,8,20,0.081521739,0.03442029,0.884057971,2.98154334,87.37832981,3.985186751,-344.4234531,5.772727273,7.791684285,8.575989855,4.230413037,37.30866808,2.090909091,14.90909091,1
1751,1357,321,29,73,131,54,18,9,1,0,0,0,0,0,0,0,0,0,0,0,0,0,0,0,0,0,0,0,0,1.594915254,1.874372034,1.662655932,4.22741433,11.06896552,447,1.392523364,31,0.096573209,85,0.264797508,63,0.196261682,0.62,0.498657213,1,0,0,0,1,4,1,0,0.015151515,0,0.397260274,1,0,6,51,0.062931034,0.063793103,0.873275862,4.015604254,77.79252336,5.158672253,-322.9694951,5.603448276,8.290514556,9.035553426,4.200769599,37.5487163,2.172413793,15.4137931,1
2538,1978,434,51,126,197,60,22,21,0,0,0,0,0,0,0,0,0,0,0,0,0,0,0,0,0,0,0,0,0,1.584615385,1.870955769,1.682369231,4.557603687,8.509803922,668,1.539170507,60,0.138248848,148,0.341013825,100,0.230414747,0.61,0.542649318,0,0,0,2,2,0,0,0,0.01010101,0,0.404761905,2,0,5,59,0.063967136,0.039319249,0.896713615,4.291215325,67.98372413,5.891035511,-244.2498319,4.431372549,8.933875486,9.325443324,4.080415768,42.61118641,1.960784314,13.09803922,1
12740,9900,2301,307,421,947,418,111,92,8,0,0,0,0,0,0,1,0,0,0,0,30,0,0,0,31,6,0,0,0,1.524072984,1.850370453,1.650669688,4.302477184,7.495114007,3220,1.399391569,227,0.09865276,626,0.272055628,436,0.189482834,0.35,0.430462892,0,0,0,7,7,2,11,0,0.002109705,0,0.729216152,10,0,81,326,0.054968525,0.038219424,0.90681205,2.582224539,80.83893256,3.845914975,-215.3118296,3.486970684,6.944155989,8.041442923,4.023834925,34.70067681,1.42019544,10.48859935,1
2833,2025,487,56,322,287,72,30,16,3,0,0,0,0,0,0,0,0,0,0,0,0,0,0,0,0,6,0,0,0,1.665762712,1.894756271,1.720682712,4.158110883,8.696428571,673,1.381930185,42,0.0862423,145,0.297741273,112,0.229979466,0.61,0.652354063,0,0,0,1,1,0,5,0,0.006944444,0,0.173913043,1,0,9,63,0.051971326,0.062275986,0.885752688,2.502916544,81.09683137,4.108383324,-252.201584,4.098214286,6.92826342,8.076483399,4.081460516,38.47055588,2,12.01785714,1
2321,1767,420,66,135,269,46,8,16,3,0,0,0,0,0,0,0,0,0,0,0,2,0,0,0,2,0,0,0,0,1.623589744,1.857268205,1.648068205,4.207142857,6.363636364,620,1.476190476,51,0.121428571,125,0.297619048,84,0.2,0.61,0.753246753,0,0,0,0,0,6,1,0,0.007407407,0,0.488888889,3,0,9,37,0.031746032,0.03968254,0.928571429,1.567461039,75.49019481,4.310865801,-181.9290195,2.954545455,7.402597403,8.150884317,3.971309935,36.12554113,1.272727273,9.393939394,0
6605,5109,1130,155,365,557,189,47,47,2,0,0,0,0,0,1,0,0,1,0,0,2,0,0,0,3,3,0,0,1,1.558449612,1.857159845,1.66589845,4.521238938,7.290322581,1679,1.485840708,119,0.105309735,350,0.309734513,245,0.216814159,0.55,0.585212675,1,0,0,5,6,7,15,0,0.003584229,0,0.424657534,12,0,26,168,0.061330561,0.032224532,0.906444906,3.510196689,73.73319869,4.78614616,-207.8795801,3.412903226,7.128518413,8.1346588,4.014728407,38.26377391,1.580645161,10.83225806,1
1153,866,212,27,68,100,41,15,8,1,0,0,0,0,0,0,0,0,0,0,0,1,1,0,0,2,0,0,0,0,1.571794872,1.858516667,1.704235256,4.08490566,7.851851852,290,1.367924528,18,0.08490566,55,0.259433962,37,0.174528302,0.7,0.485150245,0,0,0,2,2,1,2,0,0.01980198,0,0.397058824,10,0,11,30,0.068181818,0.060227273,0.871590909,1.735831586,83.13895528,3.613731656,-227.2954612,3.592592593,6.536967156,7.793537801,4.039358456,33.79524808,1.37037037,10.74074074,1
1400,1095,239,33,66,120,31,8,11,1,0,0,0,0,0,0,0,0,0,0,0,0,0,0,0,0,1,0,0,0,1.656,1.907010286,1.699478286,4.581589958,7.242424242,332,1.389121339,22,0.092050209,74,0.309623431,47,0.19665272,0.74,0.632813491,0,0,0,1,1,0,1,0,0.016528926,0,0.5,4,0,6,25,0.068097015,0.046641791,0.885261194,3.770500824,81.96427412,3.626177254,-206.0871624,3.287878788,6.578978065,7.793537801,4.01025897,38.20476734,1.424242424,10.06060606,0
2666,2106,457,32,103,190,81,28,23,0,0,0,0,0,0,1,0,0,0,0,0,0,0,0,0,1,1,0,0,0,1.577777778,1.877381944,1.704409722,4.608315098,14.28125,693,1.516411379,61,0.133479212,157,0.343544858,110,0.240700219,0.66,0.532344092,0,0,0,3,3,1,5,0,0.010471204,0,0.310679612,5,0,8,79,0.075396825,0.034722222,0.889880952,7.415789114,64.05112862,7.873341767,-417.0945241,8.046875,11.05166849,11.01651813,4.365926368,48.63573578,3.4375,21.65625,1
2724,2070,494,85,160,232,96,17,15,3,0,0,0,0,0,0,0,0,0,0,0,1,0,0,0,1,0,0,0,0,1.669624573,1.828327986,1.635695904,4.190283401,5.811764706,685,1.386639676,62,0.125506073,155,0.313765182,115,0.232793522,0.5,0.564396285,1,0,0,0,1,1,1,0,0.008583691,0,0.53125,3,0,13,87,0.066624365,0.043781726,0.889593909,1.212117171,83.62634222,3.038936413,-165.4721719,2.635294118,7.344948797,8.008105612,3.944580938,37.18828292,1.352941176,8.058823529,1
6805,5011,1174,170,521,544,183,64,51,5,1,0,0,0,0,0,0,0,0,0,0,0,0,0,0,0,5,0,0,0,1.583410138,1.858351498,1.680958986,4.268313458,6.905882353,1627,1.385860307,93,0.079216354,359,0.305792164,245,0.208688245,0.48,0.526325283,1,0,0,5,6,3,11,0,0.003669725,0,0.326295585,8,0,46,137,0.057603687,0.043778802,0.898617512,2.126697565,82.58174747,3.456445736,-197.8361043,3,5.931007115,7.354442805,3.991540027,37.48509871,1.441176471,9.570588235,1
1460,1142,267,24,51,111,35,21,14,1,0,0,0,0,0,0,0,0,0,0,0,1,0,0,0,1,1,0,0,0,1.578238342,1.921303109,1.718701036,4.277153558,11.125,373,1.397003745,27,0.101123596,73,0.27340824,47,0.176029963,0.71,0.524812734,0,0,0,2,2,1,2,0,0.017857143,0,0.470588235,1,0,9,25,0.084437086,0.044701987,0.870860927,4.277893258,77.35660815,5.233394195,-324.3575655,5.6875,8.49494382,9.188382445,4.204267416,38.46582397,1.958333333,15.54166667,1
9246,7184,1694,97,326,693,292,80,95,8,0,0,0,0,0,0,0,0,1,0,0,3,3,0,0,6,5,0,0,1,1.563063063,1.873578529,1.651727928,4.240850059,17.46391753,2402,1.417945691,172,0.101534829,444,0.262101535,307,0.181227863,0.42,0.441241982,0,0,0,3,3,4,5,0,0.002881844,0,0.297546012,10,0,58,236,0.066037736,0.048140954,0.88582131,7.276362541,69.15091828,7.952686985,-514.7389189,10.50515464,11.04696016,10.73627299,4.518742659,43.67407101,3.164948454,24.7628866,1
1368,1052,249,23,57,112,34,6,20,0,1,0,0,0,0,2,0,0,0,0,0,1,2,0,0,4,0,0,0,0,1.617,1.885224,1.669713,4.224899598,10.82608696,344,1.381526104,29,0.116465863,71,0.285140562,46,0.184738956,0.65,0.5334381,0,0,0,2,2,1,3,0,0.017699115,0,0.403508772,7,0,8,29,0.038851351,0.030405405,0.930743243,3.882320587,78.96941331,4.934181945,-315.6979501,5.673913043,8.989069321,9.543854155,4.191863873,39.34014318,2,14.95652174,1
1883,1480,340,29,64,132,77,21,13,4,1,0,0,0,0,0,0,0,0,0,0,0,0,0,0,0,3,0,0,0,1.578676471,1.858455882,1.675625,4.352941176,11.72413793,476,1.4,35,0.102941176,97,0.285294118,64,0.188235294,0.62,0.484482759,0,0,0,2,2,2,2,0,0.015037594,0,0.453125,1,0,22,52,0.05994898,0.060586735,0.879464286,4.934421907,76.495,5.502413793,-341.8853144,6.068965517,8.807302231,9.405056995,4.234271653,40.2535497,2.206896552,16.4137931,1
7001,5233,1324,172,442,587,216,78,62,4,3,0,0,0,0,2,0,0,4,0,0,8,1,0,0,10,14,0,0,4,1.576883385,1.882319195,1.697609598,3.952416918,7.697674419,1770,1.336858006,99,0.074773414,330,0.249244713,226,0.170694864,0.42,0.46880489,0,0,0,4,4,3,20,0,0.003401361,0,0.389140271,15,0,29,195,0.080407303,0.070224719,0.849367978,1.034720895,85.92367315,3.187017495,-223.4504969,3.424418605,6.070006323,7.463193834,4.030111373,32.62214572,1.313953488,10.29069767,1
1722,1343,282,39,98,155,44,11,11,1,0,0,0,0,0,0,0,0,1,0,0,1,0,0,0,1,0,0,0,1,1.598918919,1.945978919,1.703448649,4.762411348,7.230769231,436,1.546099291,24,0.085106383,77,0.273049645,53,0.187943262,0.68,0.578832515,0,0,0,0,0,0,3,0,0.012820513,0,0.397959184,4,0,11,32,0.058928571,0.058035714,0.883035714,4.616342062,68.69576923,5.473971631,-204.6724741,3.230769231,6.296563011,7.610546882,4.008584452,34.53573377,1.358974359,11.17948718,1
7689,6013,1364,133,313,583,221,78,78,7,1,0,0,0,0,0,0,0,2,0,0,1,0,0,0,1,7,0,0,2,1.456420627,1.856737513,1.674636299,4.408357771,10.2556391,1998,1.464809384,176,0.129032258,386,0.282991202,291,0.213343109,0.47,0.501653694,2,0,0,9,11,15,28,0,0.003424658,0,0.424920128,34,0,78,158,0.056657224,0.04815864,0.895184136,4.461184652,72.50265242,5.694449981,-297.5039457,5.45112782,9.263545962,9.700765494,4.165553893,38.55475933,2.187969925,15.02255639,1
9846,7671,1745,209,420,806,295,104,76,8,0,0,0,0,0,0,0,0,0,0,0,8,0,0,0,8,7,0,0,0,1.603495441,1.866209195,1.683314894,4.395988539,8.349282297,2512,1.439541547,178,0.102005731,501,0.287106017,349,0.2,0.46,0.539455176,1,0,0,10,11,12,19,0,0.002478315,0,0.497619048,9,0,88,207,0.06867846,0.050078044,0.881243496,3.449747166,76.57526357,4.652810354,-240.3860964,4.026315789,7.419942145,8.401177598,4.066731107,37.05988402,1.669856459,12.01913876,1
791,630,141,10,17,63,30,6,7,1,0,0,0,0,0,0,0,0,0,0,0,0,0,0,0,0,0,0,0,0,1.647311828,1.914969892,1.738132258,4.468085106,14.1,202,1.432624113,10,0.070921986,44,0.312056738,29,0.205673759,0.82,0.546808511,0,0,0,1,1,0,2,0,0.03125,0,0.588235294,1,0,10,21,0.054054054,0.040540541,0.905405405,6.664680851,71.3235,6.813964539,-412.4829787,7.05,8.476879433,8.841846275,4.347058582,45.30567376,2.9,20.2,0
1209,913,262,2,35,151,43,8,7,0,0,0,0,0,0,0,0,0,0,0,0,0,0,0,0,0,1,0,0,0,1.521678322,1.908513986,1.738102797,3.484732824,131,318,1.213740458,15,0.057251908,37,0.141221374,20,0.076335878,0.6,1.083969466,0,0,0,1,1,0,1,0,0.013157895,0,0.057142857,3,0,7,38,0.070192308,0.043269231,0.886538462,60.4830916,-28.81244275,49.8221374,-3925.274924,73,54.69007634,18.7741,10.14314008,145.1221374,10,159,1
5791,4588,1007,76,179,446,153,50,44,4,0,0,0,0,0,1,0,0,0,0,0,8,1,0,0,9,3,0,0,0,1.468810289,1.825398071,1.67761254,4.556107249,13.25,1527,1.516385303,158,0.156901688,322,0.319761668,242,0.240317776,0.51,0.544438928,0,0,0,5,5,3,4,0,0.004474273,0,0.424581006,9,0,36,123,0.066743056,0.041185185,0.892071759,6.654265144,65.10005338,7.470846574,-386.4645283,7.703947368,11.57606753,11.36605481,4.318474777,45.22616683,3.184210526,20.09210526,1
8957,6804,1555,181,407,655,259,76,110,5,0,0,0,0,0,0,0,0,2,0,0,7,1,0,0,8,9,0,0,2,1.514387846,1.826843253,1.680019839,4.375562701,8.591160221,2195,1.411575563,161,0.103536977,464,0.298392283,312,0.200643087,0.45,0.501987884,0,0,0,10,10,3,26,0,0.00304878,0,0.444717445,23,0,83,185,0.060328185,0.050032175,0.88963964,3.474480432,78.69567977,4.417144126,-247.7627423,4.185082873,7.577943188,8.516988336,4.078970036,38.43038852,1.723756906,12.12707182,1
1700,1348,300,12,51,132,48,15,11,0,0,0,0,0,0,0,0,0,0,0,0,0,0,0,0,0,0,0,0,0,1.503092784,1.829966495,1.658571649,4.493333333,25,467,1.556666667,43,0.143333333,90,0.3,67,0.223333333,0.69,0.596666667,1,0,0,1,2,0,5,0,0.015037594,0,0.235294118,3,0,6,40,0.090277778,0.048611111,0.861111111,12.2336,49.766,12.52866667,-739.3342667,16.08333333,15.73333333,13.94315417,4.899132333,55,5.583333333,38.91666667,1
2461,1960,426,30,72,169,83,31,13,2,0,0,0,0,0,0,0,0,0,0,0,1,2,0,0,3,3,0,0,0,1.590504451,1.884149258,1.701765875,4.600938967,14.2,644,1.511737089,55,0.129107981,135,0.316901408,94,0.220657277,0.66,0.528638498,0,0,0,3,3,1,6,0,0.011764706,0,0.416666667,3,0,15,68,0.079807692,0.049519231,0.870673077,7.340422535,64.52904225,7.786497653,-414.7004695,7.933333333,10.84431925,10.86419502,4.36120615,45.89014085,3.133333333,21.46666667,1
596,464,112,7,19,43,23,1,7,0,0,0,0,0,0,0,0,0,0,0,0,0,0,0,0,0,0,0,0,0,1.45,1.834994565,1.684884783,4.142857143,16,146,1.303571429,8,0.071428571,30,0.267857143,22,0.196428571,0.71,0.535714286,1,0,0,0,1,0,1,0,0.045454545,0,0.368421053,2,0,3,21,0.036363636,0.05,0.913636364,6.082857143,80.31285714,6.032142857,-471.3985714,8.142857143,9.257142857,9.236282657,4.441378571,42.78571429,3.142857143,20.85714286,1
3638,2688,629,112,321,365,91,17,18,2,0,0,0,0,0,0,0,0,0,0,0,8,0,0,0,8,2,0,0,0,1.538857143,1.834849143,1.686607429,4.273449921,5.616071429,865,1.375198728,65,0.103338633,209,0.33227345,150,0.238473768,0.55,0.644858619,1,0,0,1,2,0,2,0,0.005464481,0,0.348909657,11,0,11,77,0.049489796,0.042346939,0.908163265,1.50598484,84.7928751,2.827612849,-159.1115228,2.388392857,6.379973881,7.481137238,3.931374313,38.84341642,1.339285714,7.723214286,0
539,327,84,12,129,51,11,4,4,1,0,0,0,0,0,0,0,0,0,0,0,0,0,0,0,0,3,0,0,0,1.507317073,1.939326829,1.642936585,3.892857143,7,108,1.285714286,6,0.071428571,24,0.285714286,18,0.214285714,0.82,0.714285714,0,0,0,0,0,1,0,0,0.038461538,0,0.093023256,1,0,2,8,0.046052632,0.072368421,0.881578947,0.405357143,90.95857143,2.311428571,-202.8710714,3,5.657142857,7.16862163,3.994978571,35.57142857,1.5,9,1
2446,1958,417,31,70,156,69,26,18,4,0,0,0,0,0,0,0,0,0,0,0,1,0,0,0,1,2,0,0,0,1.556656347,1.888958204,1.664659752,4.695443645,13.4516129,656,1.573141487,64,0.153477218,146,0.350119904,115,0.275779376,0.58,0.607797633,0,0,0,3,3,0,1,0,0.012738854,0,0.442857143,0,0,15,52,0.085668103,0.048491379,0.865840517,7.41134602,60.09384312,8.219198577,-391.692224,7.790322581,11.51973389,11.33741616,4.327934053,48.46360331,3.709677419,21.16129032,1
2542,1987,446,50,109,192,79,29,20,1,0,0,0,0,0,0,0,0,0,0,0,0,0,0,0,0,4,0,0,0,1.551497006,1.922109581,1.646602994,4.455156951,8.92,641,1.437219731,50,0.112107623,141,0.316143498,91,0.204035874,0.63,0.52,0,0,0,1,1,2,3,0,0.010362694,0,0.458715596,9,0,14,66,0.061059908,0.048387097,0.890552995,4.013789238,76.19241076,4.847992825,-257.1591256,4.46,8.052304933,8.841846275,4.096633794,40.53434978,1.82,12.82,1
8541,6635,1445,119,438,745,190,72,40,5,1,0,0,0,0,1,0,0,0,0,0,3,0,0,0,4,3,0,0,0,1.487596048,1.861050933,1.675101207,4.591695502,12.14285714,2306,1.595847751,229,0.158477509,488,0.337716263,350,0.242214533,0.49,0.661690559,1,0,0,9,10,2,7,0,0.002680965,0,0.271689498,7,0,22,165,0.057833089,0.052891654,0.889275256,6.268314385,59.50128028,7.976717746,-353.0406278,6.995798319,11.1962432,11.05391616,4.263809313,45.91448344,2.941176471,19.37815126,1
8271,6228,1455,226,587,698,208,97,69,8,0,0,0,0,0,1,0,0,0,0,0,8,0,0,0,9,5,0,0,0,1.584205693,1.850861433,1.700763085,4.280412371,6.438053097,2030,1.395189003,127,0.087285223,400,0.274914089,276,0.189690722,0.45,0.509579418,0,0,0,2,2,1,9,0,0.00286123,0,0.385008518,34,0,48,152,0.062348668,0.051452785,0.886198547,1.949768817,82.26738642,3.384070949,-183.7299641,2.780973451,6.066630174,7.411552718,3.96960977,33.92946203,1.221238938,8.982300885,1
2245,1749,399,51,97,171,75,23,16,7,0,0,0,0,0,0,0,0,0,0,0,6,0,0,0,6,2,0,0,0,1.529641694,1.851016612,1.69012443,4.383458647,7.823529412,589,1.476190476,48,0.120300752,128,0.320802005,85,0.213032581,0.64,0.498304585,0,0,0,4,4,0,1,0,0.011627907,0,0.525773196,3,0,24,50,0.077524038,0.059495192,0.862980769,3.127854931,74.00840336,4.88022409,-224.6873109,3.852941176,7.94144184,8.671277954,4.043542548,39.90372991,1.666666667,11.54901961,1
1489,1179,279,13,32,95,44,14,25,1,0,0,0,0,0,0,0,0,0,0,0,1,0,0,0,1,1,0,0,0,1.413168724,1.860501235,1.650125926,4.225806452,21.46153846,375,1.344086022,19,0.068100358,67,0.240143369,41,0.146953405,0.6,0.381582575,0,0,0,0,0,2,2,0,0.020833333,0,0.40625,0,0,12,35,0.058035714,0.033035714,0.908928571,9.204317618,71.34186104,8.640215054,-634.7561538,12.19230769,11.30862972,10.03547348,4.711745354,45.47587538,3.153846154,28.84615385,1
3049,2374,569,38,103,224,103,26,32,3,0,0,0,0,0,0,0,0,0,0,0,2,0,0,0,2,1,0,0,0,1.513103448,1.866734713,1.649494023,4.172231986,14.97368421,780,1.370826011,58,0.101933216,151,0.265377856,109,0.191564148,0.53,0.425261308,0,0,0,6,6,2,7,0,0.008888889,0,0.368932039,1,0,22,81,0.075409836,0.048360656,0.876229508,5.708054759,75.66483003,6.425483767,-440.4360799,8.013157895,10.06680233,10.18686403,4.395289992,41.5114698,2.868421053,20.52631579,1
11675,8930,2197,237,538,979,407,104,98,13,0,0,0,0,0,4,0,0,3,0,0,33,1,0,0,38,11,0,0,3,1.526372315,1.902829475,1.680363604,4.064633591,9.270042194,2915,1.326809285,171,0.077833409,484,0.22030041,342,0.155666818,0.33,0.419786091,1,0,0,13,14,3,29,0,0.002040816,0,0.440520446,29,0,50,344,0.082530648,0.047723292,0.86974606,2.349445312,85.17784163,3.681666023,-269.960574,4.356540084,6.821353245,7.981636581,4.108583988,31.30008316,1.443037975,12.29957806,1
18607,14303,3414,320,826,1430,635,174,173,12,2,0,0,0,0,8,0,0,6,0,0,8,0,0,0,14,14,0,0,6,1.547424647,1.864334453,1.666634491,4.189513767,10.66875,4776,1.398945518,325,0.095196251,909,0.266256591,643,0.188342121,0.32,0.425796353,2,0,0,16,18,5,31,0,0.001397624,0,0.387409201,36,0,132,483,0.054100228,0.047266515,0.898633257,3.636984842,77.65542789,5.078369618,-311.1862639,5.35,8.075350029,8.886304115,4.180701488,37.29440905,2.009375,14.925,0
3970,3154,690,47,127,302,124,35,29,6,0,0,0,0,0,1,0,0,0,0,0,2,0,0,0,3,1,0,0,0,1.595642702,1.903895861,1.695155773,4.571014493,14.68085106,1044,1.513043478,110,0.15942029,230,0.333333333,172,0.249275362,0.57,0.570551958,0,0,0,0,0,0,2,0,0.00660066,0,0.37007874,2,0,35,87,0.07260479,0.055389222,0.872005988,7.439903793,63.93045791,7.989444958,-429.3022566,8.680851064,12.24915202,11.86871597,4.389842677,48.0141844,3.659574468,22.21276596,1
14627,11697,2619,158,294,1096,416,163,126,10,1,0,0,0,0,3,0,0,0,0,0,12,0,0,0,15,22,0,0,0,1.56659919,1.866553846,1.663669939,4.466208477,16.57594937,3830,1.462390225,303,0.115693013,779,0.297441772,533,0.203512791,0.4,0.480937743,1,0,0,9,10,3,12,0,0.001823154,0,0.537414966,5,0,68,337,0.070643826,0.050251963,0.879104211,7.893816608,66.29219833,8.130824911,-486.7725131,10.2056962,11.25810025,11.04021516,4.476935015,46.32012653,3.373417722,24.24050633,1
6494,4933,1143,151,402,522,206,53,45,5,1,0,0,0,0,0,0,0,1,0,0,3,1,0,0,4,3,0,0,1,1.560776302,1.892307457,1.691570072,4.315835521,7.569536424,1636,1.431321085,130,0.113735783,331,0.289588801,246,0.215223097,0.45,0.51755865,0,0,0,4,4,0,6,0,0.003824092,0,0.375621891,12,0,45,156,0.059074074,0.048518519,0.892407407,2.682353514,78.06215675,4.251708007,-217.4658215,3.645695364,7.577245891,8.42973791,4.029907887,36.52841656,1.629139073,10.83443709,1
1208,1007,157,20,42,76,28,10,9,0,0,0,0,0,0,0,0,0,0,0,0,0,0,0,0,0,0,0,0,0,1.5,1.81770283,1.661048113,6.414012739,7.85,221,1.407643312,17,0.108280255,48,0.305732484,29,0.184713376,0.77,0.553184713,0,0,0,0,0,1,1,0,0.025974026,0,0.476190476,6,0,6,20,0.047535211,0.029929577,0.922535211,12.705,79.7806258,4.081691083,-213.521465,3.775,7.471210191,8.395991825,4.042957452,38.42324841,1.45,11.05,0
5115,4057,871,84,184,367,118,51,33,4,0,0,0,0,0,0,0,0,0,0,0,1,0,0,0,1,2,0,0,0,1.588943089,1.863845366,1.682830407,4.657864524,10.36904762,1351,1.5510907,123,0.141216992,315,0.361653272,225,0.258323766,0.48,0.573328413,0,0,0,2,2,1,5,0,0.005434783,0,0.456521739,1,0,35,83,0.059679335,0.040973872,0.899346793,5.693065715,65.08814342,6.756798835,-299.4366065,5.648809524,9.796298726,10.04196138,4.173102925,46.53437483,2.678571429,16.08333333,1
3676,2898,644,65,117,259,111,28,33,4,0,0,0,0,0,1,0,0,0,0,0,7,0,0,0,8,1,0,0,0,1.62410148,1.843899366,1.64422685,4.5,9.907692308,942,1.462732919,73,0.113354037,189,0.293478261,131,0.203416149,0.58,0.515384615,0,0,0,2,2,1,3,0,0.007692308,0,0.555555556,2,0,29,80,0.056497175,0.032485876,0.911016949,4.718846154,73.03148734,5.534248447,-286.5257692,5.076923077,8.497238414,9.183201356,4.145820141,39.25551839,2.015384615,14.49230769,0
1289,1054,205,16,30,81,33,17,9,0,0,0,0,0,0,0,0,0,0,0,0,0,0,0,0,0,0,0,0,0,1.4,1.806675333,1.659254667,5.141463415,12.8125,353,1.72195122,41,0.2,82,0.4,64,0.312195122,0.76,0.633231707,0,0,0,0,0,0,1,0,0.024390244,0,0.533333333,2,0,7,25,0.073232323,0.036616162,0.890151515,9.192542683,48.15323933,9.72589939,-369.8917805,7.96875,13.125,12.27395603,4.30358,52.8125,4,22.0625,0
1534,1160,273,35,102,122,32,15,14,0,0,0,0,0,0,0,0,0,0,0,0,1,1,0,0,2,1,0,0,0,1.458757062,1.840163842,1.633920904,4.249084249,7.8,376,1.377289377,25,0.091575092,73,0.267399267,52,0.19047619,0.68,0.556043956,0,0,0,2,2,1,5,0,0.016260163,0,0.343137255,3,0,6,27,0.082207207,0.058558559,0.859234234,2.483186813,82.39931868,3.704014652,-224.7728938,3.614285714,6.783003663,7.95725182,4.037839707,34.53992674,1.485714286,10.74285714,1
887,691,160,19,36,63,35,7,4,1,0,0,0,0,0,0,0,0,0,0,0,1,1,0,0,2,0,0,0,0,1.576068376,1.817626496,1.703701709,4.31875,8.421052632,222,1.3875,16,0.1,43,0.26875,30,0.1875,0.77,0.440131579,0,0,0,2,2,0,0,0,0.03125,0,0.527777778,2,0,8,31,0.053819444,0.057291667,0.888888889,3.121838816,80.90513158,4.066710526,-242.9941414,4.052631579,7.368421053,8.371475516,4.069974211,35.29605263,1.578947368,11.68421053,1
99,76,17,5,7,12,2,1,0,0,0,0,0,0,0,0,0,0,0,0,0,0,0,0,0,0,0,0,0,0,1.84,1.8391,1.4471,4.470588235,3.4,23,1.352941176,1,0.058823529,7,0.411764706,5,0.294117647,0.88,0.964705882,0,0,0,0,0,0,0,0,0.076923077,0,0.714285714,1,0,0,2,0,0,1,1.326470588,88.92517647,1.700705882,-91.46823529,0.9,3.712941176,5.683917802,3.814428235,44.57647059,1,4.6,1
3078,2364,530,72,153,224,101,36,26,3,0,0,0,0,0,0,0,0,0,0,0,2,0,0,0,2,1,0,0,0,1.495726496,1.79977151,1.695040741,4.460377358,7.361111111,796,1.501886792,74,0.139622642,175,0.330188679,131,0.247169811,0.62,0.536530398,0,0,0,2,2,2,4,0,0.008888889,0,0.470588235,4,0,24,82,0.048151751,0.054961089,0.89688716,3.258932914,72.30384958,5.003097484,-210.3617107,3.708333333,8.529350105,8.920646498,4.023657526,40.37997904,1.819444444,11.05555556,0
4023,3098,694,103,226,310,111,44,36,4,1,0,0,0,0,0,0,0,0,0,0,5,1,0,0,6,8,0,0,0,1.543442623,1.869141393,1.701370287,4.463976945,6.737864078,984,1.417867435,70,0.100864553,216,0.311239193,159,0.229106628,0.56,0.505385971,0,0,0,9,9,8,12,0,0.006430868,0,0.455752212,1,0,23,86,0.083221024,0.062668464,0.854110512,2.964263451,80.04448295,3.768602725,-191.6430981,3.048543689,6.729727764,7.83860588,3.986624571,37.86178339,1.54368932,9.553398058,1
7074,5415,1271,159,367,797,130,52,39,3,0,0,0,0,0,0,0,0,0,0,0,4,1,0,0,5,5,0,0,0,1.587841945,1.875590122,1.688931003,4.260424862,7.993710692,1886,1.483870968,157,0.123524784,372,0.292682927,244,0.191974823,0.49,0.750585138,0,0,0,5,5,0,6,0,0.002506266,0,0.433242507,47,0,20,110,0.065717629,0.055187207,0.879095164,2.633456447,73.18589978,5.037224589,-230.5174183,3.98427673,8.138475622,8.805803352,4.052492614,37.26200337,1.534591195,11.86163522,1
1363,1085,229,18,42,96,44,13,7,3,0,0,0,0,0,0,0,0,0,0,0,0,0,0,0,0,1,0,0,0,1.51625,1.89258875,1.66552,4.737991266,12.72222222,363,1.585152838,37,0.161572052,80,0.349344978,62,0.270742358,0.63,0.583939835,0,0,0,1,1,0,0,0,0.020618557,0,0.428571429,1,0,6,38,0.076149425,0.073275862,0.850574713,7.247049976,59.81801431,8.07647016,-369.5598981,7.416666667,11.55177099,11.3195836,4.293034449,47.65672004,3.444444444,20.16666667,0
2715,2098,477,37,117,203,64,26,27,2,0,0,0,0,0,1,0,0,0,0,0,0,0,0,0,1,4,0,0,0,1.52,1.840877813,1.656998438,4.398322851,12.89189189,693,1.452830189,55,0.115303983,141,0.295597484,101,0.211740042,0.61,0.559521786,0,0,0,0,0,3,4,0,0.009803922,0,0.316239316,6,0,17,48,0.053719008,0.057334711,0.888946281,5.732046575,70.84029577,6.581234064,-376.6506352,6.932432432,9.768916086,10.09416893,4.294144337,42.45164032,2.72972973,18.72972973,1
2529,1962,520,12,42,264,66,26,29,2,1,0,0,0,0,0,0,0,0,0,0,0,0,0,0,0,3,0,0,0,1.504347826,1.905497659,1.67589699,3.773076923,43.33333333,672,1.292307692,49,0.094230769,109,0.209615385,64,0.123076923,0.54,0.644871795,0,0,0,0,0,1,8,0,0.00754717,0,0.285714286,1,0,22,43,0.096047794,0.039522059,0.864430147,18.00785897,53.5224359,16.55923077,-1293.576577,25.75,21.1025641,14.6729946,5.800712372,64.29487179,5.333333333,56,1
1844,1396,351,40,98,133,80,19,16,1,0,0,0,0,0,0,0,0,0,0,0,1,1,0,0,2,1,0,0,0,1.426241135,1.876485106,1.672156028,3.977207977,8.775,467,1.33048433,24,0.068376068,75,0.213675214,52,0.148148148,0.54,0.440954416,0,0,0,4,4,0,8,0,0.014925373,0,0.408163265,6,0,7,73,0.101744186,0.056686047,0.841569767,1.690149573,85.36940064,3.5319651,-255.624245,3.9875,6.245042735,7.554174237,4.082536581,30.14252137,1.3,11.675,1
1374,1078,240,24,57,116,36,9,13,0,0,0,0,0,0,0,0,0,0,0,0,2,0,0,0,2,0,0,0,0,1.6,1.907581013,1.652358228,4.491666667,10,347,1.445833333,24,0.1,73,0.304166667,55,0.229166667,0.69,0.5625,0,0,0,0,0,0,2,0,0.017094017,0,0.421052632,1,0,4,31,0.043432203,0.040254237,0.916313559,4.72575,74.3675,5.370833333,-289.3440833,5,8,8.841846275,4.14829,40.41666667,2.291666667,14.45833333,1
1853,1414,366,24,72,153,62,32,25,0,0,0,0,0,0,0,0,0,0,0,0,1,0,0,0,1,8,0,0,0,1.5183391,1.969249481,1.708966436,3.863387978,15.25,452,1.234972678,14,0.038251366,67,0.183060109,44,0.120218579,0.53,0.44057377,0,0,0,1,1,0,4,0,0.012987013,0,0.333333333,5,0,15,46,0.087669683,0.041855204,0.870475113,4.391557377,86.87756148,4.930177596,-450.5446448,7.208333333,7.630054645,7.492282038,4.398939891,33.55601093,1.833333333,18.83333333,0
333,211,47,10,75,24,5,1,4,0,0,0,0,0,0,0,0,0,0,0,0,0,0,0,0,0,0,0,0,0,1.410810811,1.87612973,1.730159459,4.489361702,4.7,61,1.29787234,3,0.063829787,11,0.234042553,10,0.212765957,0.83,0.653191489,0,0,0,0,0,0,0,0,0.08,0,0.133333333,1,0,0,5,0.040178571,0.084821429,0.875,2.064893617,92.2645,1.557893617,-130.3576596,1.65,4.433191489,6.2581,3.879698723,28.10425532,1,6.1,0
3715,2862,655,71,198,294,115,44,22,1,0,0,0,0,0,0,0,0,0,0,0,0,0,0,0,0,2,0,0,0,1.568,1.920406889,1.715006222,4.369465649,9.225352113,934,1.425954198,77,0.117557252,197,0.300763359,152,0.232061069,0.53,0.511794431,0,0,0,0,0,1,5,0,0.006779661,0,0.358585859,19,0,34,85,0.07889049,0.055475504,0.865634006,3.762859262,76.83554241,4.834146866,-266.8244107,4.697183099,8.392430921,9.078334996,4.112639755,39.30168799,2.14084507,13.15492958,0
17258,13351,2923,270,979,1337,485,128,143,14,0,0,0,0,0,2,0,0,1,0,0,7,1,0,0,10,9,0,0,1,1.590663176,1.887047513,1.695220768,4.567567568,10.82592593,4287,1.466643859,339,0.115976736,873,0.298665754,679,0.232295587,0.33,0.519612017,1,0,0,16,17,9,18,0,0.001494768,0,0.275791624,27,0,67,417,0.060983199,0.047759801,0.891257001,5.496206206,71.76861471,5.938508648,-313.6748048,5.668518519,8.96943982,9.530322201,4.191778653,40.69250136,2.514814815,15.87777778,1
7552,5796,1339,165,386,543,254,61,55,7,0,0,0,0,0,0,0,0,1,0,0,3,1,0,0,4,5,0,0,1,1.504995103,1.885352302,1.684428404,4.328603435,8.115151515,1894,1.414488424,147,0.10978342,394,0.29424944,284,0.212098581,0.38,0.500459411,0,0,0,8,8,3,3,0,0.003676471,0,0.42746114,9,0,43,209,0.080357143,0.050037202,0.869605655,3.015297938,78.93240053,4.265872496,-233.7590712,3.948484848,7.637397425,8.521245854,4.056346317,37.5400955,1.721212121,11.47878788,1
2835,2142,482,49,205,223,69,29,23,2,0,0,0,0,0,0,0,0,0,0,0,1,0,0,0,1,5,0,0,0,1.510062893,1.897859434,1.66348522,4.443983402,9.836734694,700,1.452282158,60,0.124481328,136,0.282157676,99,0.205394191,0.55,0.561901939,1,0,0,1,2,0,0,0,0.008928571,0,0.23902439,3,0,9,61,0.063423645,0.040640394,0.895935961,4.419529173,73.98764375,5.383255991,-284.7269786,5.142857143,8.91394699,9.450634624,4.144057642,38.05250233,2.020408163,14.28571429,1
3393,2650,534,58,208,250,86,31,24,0,0,0,0,0,0,1,0,0,0,0,0,0,0,0,0,1,4,0,0,0,1.626886792,1.836079953,1.658696226,4.962546816,9.206896552,874,1.63670412,77,0.144194757,198,0.370786517,152,0.284644195,0.69,0.631473589,0,0,0,1,1,2,2,0,0.007968127,0,0.278846154,5,0,16,69,0.058757485,0.040793413,0.900449102,6.547043781,59.02483146,7.313798269,-262.7774958,4.931034483,9.450548883,9.711379227,4.115930421,46.28554824,2.620689655,15.06896552,1
4906,3807,872,86,187,380,128,47,33,7,0,0,0,0,0,1,0,0,0,0,0,5,0,0,0,6,2,0,0,0,1.539968404,1.834714534,1.619636019,4.365825688,10.13953488,1259,1.443807339,97,0.111238532,259,0.297018349,170,0.194954128,0.51,0.525389375,0,0,0,6,6,0,1,0,0.005249344,0,0.459893048,6,0,36,86,0.059169683,0.050841629,0.889988688,4.202806433,74.39727118,5.40134521,-294.2713332,5.197674419,8.505355238,9.196205925,4.156985494,39.84136975,1.976744186,14.63953488,1
3623,2768,661,80,162,300,116,25,23,1,0,0,0,0,0,0,0,0,0,0,0,13,0,0,0,13,2,0,0,0,1.542735043,1.903099786,1.647379274,4.187594554,8.2625,920,1.39183056,65,0.098335855,178,0.269288956,121,0.183055976,0.57,0.476947806,2,0,0,2,4,7,4,0,0.006644518,0,0.49382716,9,0,25,91,0.066770186,0.036878882,0.896350932,2.424820348,80.69969714,4.055975605,-239.0100681,3.94375,7.238434191,8.278499904,4.061847231,35.19139561,1.5125,11.5,0
1490,1190,267,7,33,103,63,12,8,1,0,0,0,0,0,1,0,0,0,0,0,0,1,0,0,2,2,0,0,0,1.416091954,1.829292529,1.663491954,4.456928839,38.14285714,384,1.438202247,37,0.138576779,92,0.344569288,65,0.243445693,0.59,0.622257892,0,0,0,2,2,0,2,0,0.019230769,0,0.212121212,6,0,9,51,0.072619048,0.057142857,0.870238095,18.6335634,46.44808989,16.2565008,-1133.834403,24.35714286,20.80021402,16.26309292,5.550266988,72.59978598,9.285714286,54.85714286,0
2560,1976,475,40,87,200,81,37,13,2,0,0,0,0,0,0,0,0,0,0,0,3,0,0,0,3,1,0,0,0,1.486627907,1.874915407,1.693599128,4.16,11.875,660,1.389473684,44,0.092631579,140,0.294736842,84,0.176842105,0.51,0.427105263,0,0,0,5,5,0,1,0,0.009950249,0,0.459770115,0,0,7,71,0.071969697,0.05952381,0.868506494,4.1011,77.23240132,5.437039474,-347.5476,6.0375,8.455263158,9.12067884,4.240126526,41.34868421,2.1,16.5,1
605,468,106,7,24,38,26,5,5,0,0,0,0,0,0,0,0,0,0,0,0,0,0,0,0,0,0,0,0,0,1.509302326,1.921784884,1.591753488,4.41509434,15.14285714,154,1.452830189,12,0.113207547,33,0.311320755,29,0.273584906,0.77,0.529649596,0,0,0,0,0,0,0,0,0.051282051,0,0.291666667,0,0,2,24,0.127272727,0.040909091,0.831818182,6.936522911,68.55556604,7.459110512,-444.0808086,8.285714286,10.58544474,10.60884064,4.405461186,46.27493261,4.142857143,22,1
12093,9535,2207,133,344,811,406,127,131,11,3,0,0,0,0,3,0,0,0,0,0,1,0,0,0,4,13,0,0,0,1.511877828,1.866193778,1.680906335,4.320344359,16.59398496,3140,1.422745809,239,0.108291799,612,0.277299502,445,0.201631174,0.39,0.418937012,0,0,0,5,5,2,19,0,0.002463054,0,0.386627907,8,0,92,330,0.073854337,0.054623568,0.871522095,7.215814411,69.62780984,7.670054679,-488.1727206,10.09398496,10.96926594,10.78714768,4.476660929,44.32393512,3.345864662,23.60902256,0
7905,5885,1432,183,583,616,272,74,63,9,0,0,0,0,0,1,0,0,4,0,0,4,0,0,0,5,3,0,0,4,1.546601942,1.870313689,1.653559029,4.109636872,7.825136612,1948,1.360335196,124,0.086592179,379,0.264664804,289,0.201815642,0.4,0.475436548,0,0,0,6,6,8,14,0,0.003241491,0,0.313893654,4,0,55,214,0.057889344,0.039446721,0.902663934,1.838957971,83.8081288,3.513758586,-226.3483372,3.590163934,6.593741796,7.831615476,4.038299681,34.29161706,1.579234973,10.64480874,1
807,620,131,25,56,62,12,9,8,1,0,0,0,0,0,0,0,0,0,0,0,0,1,0,0,1,0,0,0,0,1.543902439,1.922354878,1.60545,4.732824427,5.24,201,1.534351145,17,0.129770992,51,0.389312977,34,0.259541985,0.78,0.581984733,0,0,0,1,1,0,1,0,0.031746032,0,0.446428571,2,0,1,14,0.114583333,0.039583333,0.845833333,3.481603053,71.71029313,4.558943511,-145.1236641,2.3,7.286839695,7.839951261,3.91689484,44.17129771,1.36,8.04,1
1133,878,204,29,52,82,41,13,8,0,0,0,0,0,0,0,0,0,0,0,0,0,0,0,0,0,4,0,0,0,1.501910828,1.819928025,1.679133758,4.303921569,7.034482759,292,1.431372549,23,0.112745098,53,0.259803922,43,0.210784314,0.73,0.534482759,0,0,0,1,1,0,4,0,0.024096386,0,0.557692308,0,0,9,32,0.071100917,0.040137615,0.888761468,2.358711968,78.60088235,4.043644354,-201.4843847,3.310344828,7.323597025,8.21666364,4.003212796,33.01487492,1.482758621,10.06896552,0
2369,1863,403,50,99,151,89,30,22,3,0,0,0,0,0,0,0,0,0,0,0,0,0,0,0,0,1,0,0,0,1.612618297,1.883659937,1.69269306,4.622828784,8.06,606,1.503722084,50,0.124069479,144,0.357320099,101,0.250620347,0.62,0.508833747,0,0,0,0,0,3,1,0,0.013157895,0,0.505050505,1,0,12,75,0.086124402,0.066985646,0.846889952,4.373523573,71.43921166,5.297320596,-230.3715385,4.03,8.186779156,8.841846275,4.055866571,43.79200993,2.02,12.12,1
3588,2790,652,86,147,285,117,34,35,4,0,0,0,0,0,1,0,0,1,0,0,5,0,0,0,6,2,0,0,1,1.523376623,1.850149567,1.646047403,4.279141104,7.581395349,899,1.378834356,59,0.090490798,186,0.285276074,124,0.190184049,0.59,0.46101441,0,0,0,4,4,0,8,1,0.006993007,0,0.585034014,13,0,30,91,0.063455657,0.040519878,0.896024465,2.515452276,82.49049722,3.636989585,-218.0377194,3.476744186,6.652190041,7.860849185,4.026825706,36.10900271,1.441860465,10.45348837,1
9590,7458,1648,199,400,675,307,104,88,7,0,0,0,0,0,0,0,0,0,0,0,9,1,0,0,10,12,0,0,0,1.514826498,1.888069322,1.661973344,4.525485437,8.281407035,2515,1.526092233,225,0.136529126,516,0.313106796,372,0.225728155,0.45,0.514127067,1,0,0,8,9,2,13,0,0.00295858,0,0.4975,13,0,58,258,0.073395884,0.036773608,0.889830508,4.025739925,69.32196895,5.647637093,-237.5871018,4.271356784,8.773727863,9.203587695,4.068815738,39.59208665,1.869346734,12.63819095,1
3840,2866,740,48,200,322,133,21,49,3,0,0,0,0,0,0,0,0,1,0,0,3,0,0,0,3,1,0,0,1,1.574632353,1.859911213,1.690300184,3.872972973,15.41666667,955,1.290540541,43,0.058108108,174,0.235135135,110,0.148648649,0.51,0.416779279,0,0,0,1,1,0,4,0,0.00619195,0,0.24,61,0,25,108,0.06300813,0.048441734,0.888550136,4.520036036,82.0073536,5.650878378,-455.4881892,7.604166667,8.490990991,8.536127083,4.410341937,38.93018018,2.291666667,19.89583333,1
1842,1417,345,38,80,160,47,13,15,0,0,0,0,0,0,0,0,0,0,0,0,3,0,0,0,3,1,0,0,0,1.582832618,1.835224034,1.621308155,4.107246377,9.078947368,453,1.313043478,32,0.092753623,92,0.266666667,64,0.185507246,0.57,0.51037376,0,0,0,0,0,0,2,0,0.01242236,0,0.475,5,0,5,43,0.043445122,0.036585366,0.919969512,2.454604119,86.53639016,3.444702517,-263.9767399,4.381578947,7.341723875,8.371475516,4.101461587,35.74561404,1.684210526,11.92105263,0
4842,3727,901,96,211,454,144,42,32,1,0,0,0,0,0,0,0,0,0,0,0,1,0,0,0,1,9,0,0,0,1.547307132,1.880678166,1.691271761,4.136514983,9.385416667,1191,1.321864595,69,0.076581576,222,0.246392897,153,0.169811321,0.46,0.512081484,0,0,0,1,1,0,11,0,0.004395604,0,0.454976303,2,0,33,103,0.076473577,0.042936992,0.880589431,2.745693905,85.47905736,3.66831472,-272.9984267,4.411458333,6.817429708,7.972316293,4.114108898,34.02470634,1.59375,12.40625,0
1382,1046,236,43,100,114,39,14,16,0,0,0,0,0,0,1,0,0,0,0,0,0,0,0,0,1,0,0,0,0,1.710994764,1.838019372,1.729772251,4.43220339,5.488372093,334,1.415254237,25,0.105932203,76,0.322033898,52,0.220338983,0.67,0.591052424,0,0,0,0,0,3,2,0,0.017391304,0,0.43,6,0,7,32,0.06637931,0.054310345,0.879310345,2.189864013,81.53379385,3.250465116,-154.3454848,2.325581395,6.432636973,7.485028198,3.925449951,37.69176192,1.209302326,7.76744186,1
3144,2352,530,67,254,313,55,33,17,1,0,0,0,0,0,0,0,0,0,0,0,4,0,0,0,4,3,0,0,0,1.484558824,1.873373162,1.656992279,4.437735849,7.910447761,761,1.435849057,62,0.116981132,166,0.313207547,126,0.237735849,0.53,0.669642354,0,0,0,2,2,5,4,0,0.006369427,0,0.263779528,8,0,4,51,0.086309524,0.043154762,0.870535714,3.42695973,77.33306533,4.438093495,-226.9751687,3.880597015,7.843424388,8.624551498,4.04732953,39.23120248,1.880597015,11.35820896,0
2408,1827,398,54,163,188,57,27,13,0,1,0,0,0,0,0,0,0,0,0,0,2,0,0,0,2,1,0,0,0,1.551428571,1.865978214,1.672861786,4.590452261,7.37037037,618,1.552763819,63,0.158291457,131,0.329145729,106,0.266331658,0.61,0.583845152,1,0,0,0,1,1,6,0,0.010582011,0,0.331288344,6,0,8,56,0.051724138,0.046182266,0.902093596,3.876215336,67.99025498,5.60705751,-209.8733473,3.851851852,9.27980644,9.299571214,4.027064591,40.28494323,1.962962963,11.44444444,1
3006,2362,527,63,117,229,97,20,15,2,0,0,0,0,0,0,0,0,0,0,0,1,1,0,0,2,1,0,0,0,1.581360202,1.881503023,1.671678589,4.481973435,8.365079365,768,1.457305503,56,0.10626186,171,0.324478178,112,0.212523719,0.63,0.513026716,1,0,0,2,3,1,4,0,0.008695652,0,0.538461538,4,0,28,68,0.069188192,0.053505535,0.877306273,3.862634559,75.0563989,4.868585886,-240.3535574,4.071428571,7.596506129,8.51512884,4.068186684,40.8128972,1.777777778,12.19047619,1
1216,937,216,22,64,120,20,7,12,1,0,0,0,0,0,0,0,0,0,0,0,0,0,0,0,0,0,0,0,0,1.5952,1.9028496,1.750392,4.337962963,9.818181818,288,1.333333333,19,0.087962963,62,0.287037037,47,0.217592593,0.67,0.638047138,0,0,0,2,2,1,3,0,0.016528926,0,0.34375,2,0,4,18,0.067105263,0.031578947,0.901315789,3.910896465,84.06954545,3.972424242,-284.7948527,4.772727273,7.445791246,8.438071523,4.13737117,38.52188552,2.136363636,13.09090909,0
5935,4476,1027,187,427,512,161,65,35,2,2,0,0,0,0,2,0,0,0,0,0,7,0,0,0,9,5,0,0,0,1.578398983,1.908630368,1.706871156,4.358325219,5.49197861,1449,1.41090555,97,0.094449854,334,0.325219085,232,0.225900682,0.51,0.55841478,1,0,0,5,6,9,24,0,0.003898635,0,0.43793911,20,0,33,124,0.055194805,0.056818182,0.887987013,1.843701087,81.89803217,3.200557149,-154.8888227,2.264705882,5.974785602,7.243533048,3.923815771,38.01388708,1.240641711,7.748663102,0
2088,1639,365,35,81,189,37,15,16,1,0,0,0,0,0,0,0,0,0,0,0,1,0,0,0,1,1,0,0,0,1.598039216,1.929736765,1.645265686,4.490410959,10.42857143,519,1.421917808,47,0.128767123,118,0.323287671,91,0.249315068,0.56,0.590215264,0,0,0,0,0,0,0,0,0.010526316,0,0.432098765,2,0,6,32,0.049668874,0.024006623,0.926324503,4.934121331,75.95575342,5.255772994,-302.2086223,5.557142857,9.322113503,9.749128248,4.174089472,42.75733855,2.6,14.82857143,1
4056,3102,781,72,173,337,145,23,30,6,0,0,0,0,0,0,0,0,0,0,0,2,0,0,0,2,4,0,0,0,1.466995074,1.906353366,1.662363547,3.971830986,10.84722222,1053,1.348271447,54,0.069142125,177,0.226632522,113,0.1446863,0.44,0.444106559,1,0,0,4,5,0,1,0,0.00591716,0,0.416184971,4,0,23,116,0.086881868,0.054258242,0.85885989,2.700935055,81.76130504,4.55001974,-317.8225822,5.173611111,7.104573908,8.076483399,4.185439764,33.51047446,1.569444444,14.625,1
744,597,137,10,11,50,27,7,7,1,0,0,0,0,0,0,0,0,0,0,0,3,0,0,0,3,0,0,0,0,1.589473684,1.85465614,1.689216667,4.357664234,13.7,199,1.452554745,12,0.087591241,35,0.255474453,26,0.189781022,0.75,0.494160584,0,0,0,0,0,0,0,0,0.039215686,0,0.909090909,0,0,4,23,0.082278481,0.082278481,0.835443038,5.94459854,70.04336861,6.893145985,-401.1333577,7.05,8.983649635,9.3871,4.329850657,39.24744526,2.6,19.9,1
8338,6349,1532,179,456,647,278,73,85,6,0,0,0,0,0,0,0,0,2,0,0,2,0,0,0,2,8,0,0,2,1.542978723,1.865753957,1.669581021,4.144255875,8.558659218,2053,1.340078329,118,0.077023499,418,0.272845953,287,0.187336815,0.41,0.44422889,2,0,0,6,8,2,12,0,0.00308642,0,0.39254386,7,0,58,236,0.067546584,0.052795031,0.879658385,2.368774779,84.77733426,3.560801377,-248.1501094,3.938547486,6.504403635,7.767406291,4.073171508,35.84325452,1.603351955,11.46927374,1
5129,3949,940,57,238,392,136,49,37,5,0,0,0,0,0,1,0,0,1,0,0,1,0,0,0,2,2,0,0,1,1.510438729,1.856203782,1.653727988,4.20106383,16.49122807,1278,1.359574468,89,0.094680851,249,0.264893617,180,0.191489362,0.47,0.454777902,0,0,0,3,3,0,3,0,0.005089059,0,0.239495798,57,0,38,101,0.058152174,0.032608696,0.90923913,6.602624673,75.07640351,6.884557671,-485.7925761,8.807017544,10.38372527,10.26752681,4.469415019,42.98058977,3.157894737,22.42105263,1
790,600,134,17,57,63,22,13,4,1,0,0,0,0,0,0,0,0,0,0,0,0,0,0,0,0,0,0,0,0,1.514893617,1.869278723,1.690874468,4.47761194,7.882352941,191,1.425373134,18,0.134328358,48,0.358208955,33,0.246268657,0.81,0.596136962,0,0,0,1,1,1,1,0,0.03125,0,0.298245614,9,0,2,21,0.091666667,0.055,0.853333333,3.600728709,78.2478446,4.303520632,-225.8974539,4,8.526075505,9.00746742,4.048675154,43.70324846,1.941176471,11.23529412,0
885,697,158,7,31,84,25,4,4,1,0,0,0,0,0,0,0,0,0,0,0,0,0,0,0,0,0,0,0,0,1.567346939,1.850272449,1.70847449,4.411392405,22.57142857,234,1.481012658,25,0.158227848,51,0.32278481,37,0.234177215,0.7,0.782097649,0,0,0,0,0,2,2,0,0.023529412,0,0.225806452,0,0,5,19,0.055743243,0.055743243,0.888513514,10.63337251,58.63132911,10.68880651,-666.9597559,14.85714286,15.35768535,13.92517568,4.781027034,54.84990958,5.285714286,33.42857143,1
655,524,109,5,20,41,20,9,5,0,0,0,0,0,0,0,0,0,0,0,0,0,0,0,0,0,1,0,0,0,1.45,1.838430263,1.650540789,4.80733945,21.8,171,1.568807339,14,0.128440367,39,0.357798165,26,0.23853211,0.87,0.704587156,0,0,0,2,2,0,0,0,0.047619048,0,0.25,3,0,5,15,0.081896552,0.064655172,0.853448276,12.11256881,51.98689908,11.42392661,-641.4847706,13.7,13.85761468,12.6883529,4.738060734,57.57981651,5.2,34.2,1
3523,2645,632,46,175,343,65,29,21,0,0,0,0,0,0,1,0,0,0,0,0,1,0,0,0,2,2,0,0,0,1.535393258,1.870653652,1.676124719,4.185126582,13.73913043,892,1.411392405,80,0.126582278,175,0.276898734,125,0.19778481,0.53,0.604017611,2,0,0,5,7,5,7,0,0.005813953,0,0.262857143,27,0,21,43,0.050829876,0.03060166,0.918568465,5.15151142,73.48598514,6.422691249,-403.3235175,7.608695652,10.55894331,10.66284669,4.337948211,41.42900385,2.717391304,19.39130435,1
3258,2494,580,71,181,295,73,32,22,0,0,0,0,0,0,1,0,0,0,0,0,2,0,0,0,3,3,0,0,0,1.568660969,1.845442165,1.68454302,4.3,8.169014085,813,1.401724138,55,0.094827586,168,0.289655172,113,0.194827586,0.62,0.538222438,0,0,0,4,4,2,5,0,0.006756757,0,0.392265193,6,0,17,65,0.047965116,0.052810078,0.899224806,2.907507042,79.95758864,4.136260321,-235.5434225,3.85915493,7.060709082,8.15712127,4.056656374,37.13453133,1.591549296,11.45070423,1
657,501,124,14,32,56,24,8,5,1,0,0,0,0,0,0,0,0,0,0,0,0,0,0,0,0,0,0,0,0,1.395294118,1.883358824,1.755132941,4.040322581,8.857142857,160,1.290322581,7,0.056451613,31,0.25,20,0.161290323,0.76,0.498847926,0,0,0,0,0,0,2,0,0.035087719,0,0.4375,2,0,5,18,0.083984375,0.0703125,0.845703125,2.028490783,88.68370968,3.090092166,-257.7167857,3.928571429,5.800921659,7.16862163,4.084727995,33.85714286,1.428571429,11.42857143,1
6988,5381,1272,99,329,503,235,71,67,3,1,0,0,0,0,1,0,0,0,0,0,2,1,0,0,4,6,0,0,0,1.546914789,1.870165328,1.677916748,4.230345912,12.84848485,1758,1.382075472,119,0.093553459,357,0.280660377,238,0.187106918,0.44,0.436987803,0,0,0,13,13,2,13,0,0.003968254,0,0.300911854,6,0,42,195,0.083151383,0.051310044,0.865538574,4.91917167,76.87020297,5.729399657,-376.337808,6.626262626,8.881532304,9.392365462,4.28855694,40.91452258,2.404040404,17.75757576,1
933,706,165,8,62,76,16,11,5,0,0,0,0,0,0,0,0,0,0,0,0,1,0,0,0,1,0,0,0,0,1.614876033,1.851129752,1.670816529,4.278787879,20.625,229,1.387878788,21,0.127272727,47,0.284848485,32,0.193939394,0.64,0.706818182,0,0,0,0,0,0,1,0,0.025974026,0,0.129032258,26,0,2,14,0.020061728,0.027777778,0.952160494,9.035590909,68.48607955,8.830719697,-609.3479394,12.9375,13.34090909,12.38480682,4.679596364,49.10984848,4,28.625,0
5269,4035,931,104,303,396,153,55,44,0,0,0,0,0,0,0,0,1,0,0,0,4,1,0,0,6,7,0,0,0,1.569414894,1.87755133,1.704602261,4.334049409,8.951923077,1305,1.401718582,78,0.083780881,269,0.288936627,174,0.186895811,0.51,0.468262001,0,0,0,6,6,1,9,0,0.005037783,0,0.343234323,10,0,27,134,0.075092421,0.050600739,0.874306839,3.459334256,79.16340603,4.44152927,-258.8301413,4.225961538,6.932004462,8.076483399,4.093744386,37.84558581,1.673076923,12.54807692,0
1527,1203,266,24,57,126,39,19,9,2,0,0,0,0,0,0,0,0,0,0,0,1,0,0,0,1,3,0,0,0,1.573262032,1.912626203,1.687402674,4.522556391,11.08333333,398,1.496240602,34,0.127819549,82,0.308270677,56,0.210526316,0.71,0.605576441,0,0,0,1,1,0,5,0,0.015748031,0,0.421052632,4,0,10,31,0.069962687,0.034514925,0.895522388,5.412907268,69.00346178,6.388139098,-321.6621429,5.958333333,9.546115288,9.928628109,4.20641604,41.910401,2.333333333,16.58333333,1
111,91,18,0,2,6,7,0,1,0,0,0,0,0,0,0,0,0,0,0,0,0,0,0,0,0,0,0,0,0,1.769230769,1.902023077,1.685907692,5.055555556,0,27,1.5,3,0.166666667,6,0.333333333,5,0.277777778,0.89,0.444444444,0,0,0,0,0,0,0,0,0.142857143,0,0,0,0,3,4,0.075,0.025,0.9,2.381666667,79.935,2.11,13.97722222,0,6.666666667,0,3.662816667,33.33333333,0,0,1
155,116,31,2,7,12,6,3,2,0,0,0,0,0,0,0,0,0,2,0,0,0,0,0,0,0,0,0,0,2,1.616,1.739248,1.678128,3.741935484,15.5,41,1.322580645,0,0,7,0.225806452,5,0.161290323,0.87,0.693548387,1,0,0,0,1,0,0,0,0.153846154,0,0.285714286,0,0,2,4,0.083333333,0.111111111,0.805555556,3.944516129,79.21217742,6.061451613,-458.76,6.75,6.2,3.1291,4.4053,38.08064516,2.5,20.5,1
100,78,19,1,3,6,2,2,3,0,0,0,0,0,0,0,0,0,0,0,0,0,0,0,0,0,0,0,0,0,1.7,1.924542857,1.718871429,4.105263158,19,25,1.315789474,2,0.105263158,4,0.210526316,4,0.210526316,0.95,1.368421053,0,0,0,0,0,0,0,0,0.285714286,0,0.333333333,0,0,1,1,0.041666667,0,0.958333333,7.405789474,76.23421053,7.346315789,-561.62,11.5,11.81052632,11.20814326,4.595521053,40.05263158,4,25,1
206,152,42,2,13,17,6,1,4,0,0,0,0,0,0,0,0,0,0,0,0,0,0,0,0,0,0,0,0,0,1.524137931,1.861848276,1.602693103,3.619047619,21,52,1.238095238,2,0.047619048,7,0.166666667,4,0.095238095,0.88,0.880952381,0,0,0,0,0,0,0,0,0.111111111,0,0.153846154,0,0,0,4,0.055,0.025,0.92,6.115714286,80.77714286,7.20952381,-624.4838095,11.5,10.3047619,8.841846275,4.685619048,37.66666667,2,26,1
2653,2049,467,43,129,214,74,20,21,1,0,0,0,0,0,0,0,0,0,0,0,1,0,0,0,1,4,0,0,0,1.539490446,1.873207962,1.706832803,4.3875803,10.86046512,670,1.434689507,50,0.107066381,137,0.293361884,107,0.229122056,0.63,0.530750461,0,0,0,1,1,0,6,0,0.009302326,0,0.333333333,5,0,15,63,0.067351598,0.046232877,0.886415525,4.66573577,74.43689557,5.574917584,-315.7711055,5.593023256,8.626841293,9.289312734,4.192084851,40.19665355,2.488372093,15.58139535,1
899,650,157,20,92,90,16,6,4,0,0,0,0,0,0,0,0,0,0,0,0,0,0,0,0,0,0,0,0,0,1.542857143,1.842752857,1.685427143,4.140127389,7.85,220,1.401273885,17,0.108280255,51,0.324840764,39,0.248407643,0.78,0.648726115,0,0,0,0,0,0,2,0,0.021978022,0,0.217391304,10,0,3,17,0.033928571,0.035714286,0.930357143,1.995,80.3194793,4.006531847,-226.9146497,3.775,7.471210191,8.395991825,4.042957452,40.33407643,1.95,11,1
1810,1391,305,55,114,129,61,22,10,1,0,0,0,0,0,0,0,0,0,0,0,5,0,0,0,5,2,0,0,0,1.536,1.864630222,1.714939111,4.560655738,5.545454545,452,1.481967213,32,0.104918033,110,0.360655738,75,0.245901639,0.66,0.509985097,0,0,0,1,1,1,2,0,0.015384615,0,0.48245614,0,0,8,53,0.080696203,0.045886076,0.873417722,2.823415797,75.83193741,4.059940387,-155.3013741,2.354545455,6.41490313,7.486611884,3.928121103,41.61102832,1.363636364,8.218181818,1
444,326,75,11,42,41,11,4,2,0,0,0,0,0,0,0,0,0,0,0,0,0,0,0,0,0,0,0,0,0,1.405,1.81079,1.72173,4.346666667,6.818181818,102,1.36,4,0.053333333,22,0.293333333,19,0.253333333,0.87,0.610909091,0,0,0,0,0,0,0,0,0.047619048,0,0.261904762,0,0,1,10,0.025862069,0.030172414,0.943965517,2.451890909,84.85854545,3.117090909,-194.7435879,2.772727273,4.860606061,6.574015621,3.983103152,36.15151515,1.727272727,9.272727273,1
890,662,165,24,64,65,28,9,10,0,0,0,0,0,0,0,0,0,0,0,0,0,2,0,0,2,2,0,0,0,1.413138686,1.891538686,1.655213869,4.012121212,6.875,218,1.321212121,13,0.078787879,49,0.296969697,32,0.193939394,0.68,0.423484848,0,0,0,2,2,0,2,0,0.03030303,0,0.375,0,0,6,18,0.110054348,0.042119565,0.847826087,0.904590909,88.08232955,2.68155303,-198.4186061,2.979166667,5.901515152,7.333567416,3.989940606,36.5719697,1.333333333,9.083333333,0
2501,1947,441,49,113,185,65,21,24,1,1,0,0,0,0,1,0,0,0,0,0,1,0,0,0,2,0,0,0,0,1.629375,1.858142188,1.700894375,4.414965986,9,641,1.453514739,51,0.115646259,126,0.285714286,101,0.229024943,0.65,0.507936508,0,0,0,2,2,1,3,0,0.010752688,0,0.433628319,5,0,10,56,0.070918367,0.054081633,0.875,3.864489796,74.73265306,5.071473923,-259.7958503,4.540816327,8.22585034,8.95726695,4.101160544,37.57142857,2.06122449,13.08163265,1
3407,2659,629,48,120,271,126,35,21,3,1,0,0,0,0,1,0,0,0,0,0,6,0,0,0,7,2,0,0,0,1.581609195,1.933440996,1.717564559,4.227344992,13.10416667,873,1.387917329,63,0.100158983,167,0.265500795,122,0.193958665,0.52,0.481882618,0,0,0,2,2,0,1,0,0.007352941,0,0.4,13,0,20,104,0.074060694,0.031069364,0.894869942,5.032878246,76.11646479,5.898049483,-384.025938,6.864583333,9.248025967,9.673873058,4.30228177,39.65424616,2.541666667,18.1875,0
814,609,148,19,58,90,16,11,10,0,0,0,0,0,0,0,0,0,0,0,0,6,0,0,0,6,1,0,0,0,1.614953271,1.950862617,1.678660748,4.114864865,7.789473684,193,1.304054054,8,0.054054054,40,0.27027027,26,0.175675676,0.76,0.701280228,0,0,0,0,0,3,4,0,0.021978022,0,0.327586207,2,0,0,14,0.031944444,0.038888889,0.929166667,1.845750356,88.60571124,2.835732575,-225.2476565,3.315789474,5.277951636,6.836019277,4.03139303,34.81650071,1.368421053,10.15789474,1
139,94,21,6,24,8,0,4,1,0,0,0,0,0,0,0,0,0,0,0,0,0,0,0,0,0,0,0,0,0,1.866666667,2.006822222,1.573011111,4.476190476,3.5,32,1.523809524,2,0.095238095,6,0.285714286,6,0.285714286,0.86,0.642857143,0,0,0,0,0,0,0,0,0.25,0,0.25,4,0,0,0,0.071428571,0.008928571,0.919642857,1.402857143,74.36821429,3.755952381,-94.4352381,1.083333333,5.20952381,6.4273556,3.825138095,32.07142857,1,5.333333333,1
536,409,95,7,31,50,14,1,6,0,0,0,0,0,0,0,0,0,0,0,0,0,0,0,0,0,0,0,0,0,1.654054054,1.884436486,1.720337838,4.305263158,13.57142857,130,1.368421053,11,0.115789474,28,0.294736842,23,0.242105263,0.69,0.658646617,0,0,0,0,0,0,0,0,0.039215686,0,0.225806452,0,0,2,13,0.033653846,0.036057692,0.930288462,5.633503759,77.29157895,5.850225564,-397.5848571,7.357142857,10.06015038,10.29040645,4.327926015,43.04511278,3.285714286,18.57142857,1
197,152,37,4,9,21,9,1,1,0,0,0,0,0,0,0,0,0,0,0,0,0,0,0,0,0,0,0,0,0,1.452173913,2.012565217,1.845417391,4.108108108,9.25,49,1.324324324,3,0.081081081,9,0.243243243,5,0.135135135,0.86,0.790540541,0,0,0,0,0,1,0,0,0.090909091,0,0.444444444,2,0,0,9,0.0875,0.0125,0.9,2.544189189,85.40841216,3.644527027,-269.1032432,4.375,6.943243243,8.076483399,4.108102703,33.57432432,1.25,12.25,1
1394,1077,260,21,58,96,44,18,17,3,0,0,0,0,0,0,0,0,0,0,0,1,0,0,0,1,2,0,0,0,1.468807339,1.881186239,1.613795872,4.142307692,12.38095238,363,1.396153846,24,0.092307692,72,0.276923077,45,0.173076923,0.62,0.428388278,0,0,0,3,3,0,0,0,0.020618557,0,0.362068966,2,0,7,34,0.099074074,0.056481481,0.844444444,4.270745421,76.15371795,5.713186813,-362.8303791,6.333333333,8.644688645,9.236282657,4.265170623,40.07326007,2.142857143,17.28571429,0
467,360,82,10,25,36,10,4,2,0,0,0,0,0,0,0,0,0,0,0,0,0,0,0,0,0,1,0,0,0,1.488888889,1.848353704,1.672292593,4.390243902,8.2,123,1.5,13,0.158536585,21,0.256097561,17,0.207317073,0.85,0.697560976,0,0,0,1,1,0,0,0,0.054054054,0,0.4,2,0,0,10,0.115384615,0.054487179,0.830128205,3.34804878,71.612,5.308,-235.9414634,4.4,9.621463415,9.642632912,4.068252927,33.8097561,1.7,12.3,1
1038,797,195,21,47,79,42,12,10,0,0,0,0,0,0,0,0,0,0,0,0,4,0,0,0,4,1,0,0,0,1.487769784,1.945533094,1.695598561,4.087179487,9.285714286,263,1.348717949,13,0.066666667,44,0.225641026,33,0.169230769,0.62,0.416849817,0,0,0,1,1,0,0,0,0.025,0,0.446808511,2,0,1,42,0.130813953,0.042151163,0.827034884,2.463472527,83.30846154,3.946300366,-270.2979414,4.261904762,6.380952381,7.623864732,4.107598095,31.84981685,1.571428571,12.52380952,0
6357,4909,1141,94,298,503,186,63,42,2,1,0,0,0,0,1,0,0,1,0,0,4,0,0,0,5,5,0,0,1,1.529015544,1.880047409,1.677999741,4.302366345,12.13829787,1634,1.432077125,133,0.116564417,332,0.290972831,252,0.220858896,0.52,0.497053723,1,0,0,3,4,2,9,0,0.003968254,0,0.315436242,12,0,35,151,0.063990826,0.037614679,0.898394495,4.903294423,73.36090286,6.042446249,-354.6079984,6.484042553,9.517895836,9.924371753,4.256965096,41.23558096,2.680851064,17.38297872,0
1281,976,233,31,64,103,31,24,8,1,0,0,0,0,0,0,0,0,0,0,0,1,0,0,0,1,0,0,0,0,1.704651163,1.936201163,1.680430233,4.188841202,7.516129032,336,1.442060086,30,0.128755365,71,0.30472103,54,0.231759657,0.67,0.551571369,0,0,0,1,1,1,2,0,0.019230769,0,0.484375,2,0,6,26,0.081349206,0.046626984,0.87202381,2.057506576,77.20784577,4.357599335,-216.6115963,3.725806452,8.156666205,8.7489499,4.029630472,37.98823204,1.741935484,10.83870968,1
541,416,88,9,37,43,12,9,3,0,0,0,0,0,0,0,0,0,0,0,0,0,0,0,0,0,1,0,0,0,1.542424242,1.927434848,1.656893939,4.727272727,9.777777778,141,1.602272727,13,0.147727273,36,0.409090909,22,0.25,0.86,0.667929293,0,0,0,0,0,0,0,0,0.045454545,0,0.243243243,2,0,2,8,0.096938776,0.053571429,0.849489796,5.724343434,61.35828283,7.130151515,-281.289697,5.333333333,9.82020202,9.994966539,4.144803914,50.68686869,2.444444444,15.66666667,1
965,768,178,3,19,72,36,12,7,0,1,0,0,0,0,0,0,0,0,0,0,0,0,0,0,0,0,0,0,0,1.6208,1.839348,1.6774008,4.314606742,59.33333333,255,1.43258427,20,0.112359551,49,0.275280899,34,0.191011236,0.8,0.782771536,0,0,0,0,0,0,2,0,0.02739726,0,0.157894737,0,0,8,31,0.077669903,0.046116505,0.876213592,28.55846442,25.41503745,24.45449438,-1770.386966,36.33333333,28.22771536,17.87934746,6.597174906,86.86142322,11.33333333,85,1
2246,1704,446,25,94,164,74,25,22,2,0,0,0,0,0,0,0,0,0,0,0,1,2,0,0,3,1,0,0,0,1.539805825,1.929862136,1.684119417,3.820627803,17.84,548,1.228699552,29,0.065022422,92,0.206278027,69,0.15470852,0.53,0.407713004,1,0,0,3,4,1,3,0,0.012121212,0,0.265957447,1,0,9,65,0.082777778,0.045,0.872222222,5.485156951,84.77941794,5.866254709,-528.4965022,10.08,9.736896861,9.281916038,4.53163104,38.46780269,2.76,21.92,1
1052,856,168,20,29,74,39,14,6,1,0,0,0,0,0,0,0,0,0,0,0,0,0,0,0,0,0,0,0,0,1.618518519,1.91457037,1.673372222,5.095238095,8.4,274,1.630952381,26,0.154761905,57,0.339285714,46,0.273809524,0.72,0.544047619,0,0,0,1,1,2,1,0,0.026666667,0,0.689655172,3,0,5,35,0.06,0.025,0.915,6.768571429,60.33042857,6.931238095,-237.7890476,4.5,9.55047619,9.642632912,4.077576905,42.32857143,2.3,13.7,0
3250,2484,575,57,175,250,91,28,35,1,0,0,0,0,0,2,0,0,0,0,0,0,0,0,0,2,2,0,0,0,1.598241758,1.912612747,1.733847473,4.32,10.0877193,802,1.394782609,59,0.102608696,173,0.300869565,134,0.233043478,0.46,0.504500381,0,0,0,2,2,1,4,0,0.007968127,0,0.325714286,2,0,12,82,0.056677019,0.036490683,0.906832298,3.961059649,78.59735622,4.802645309,-292.9867789,5.078947368,8.139435545,8.941205833,4.15305279,40.17467582,2.350877193,14.07017544,0
1907,1381,350,38,172,156,50,23,25,0,0,0,0,0,0,0,0,0,0,0,0,0,0,0,0,0,1,0,0,0,1.520689655,1.909146121,1.676422414,3.945714286,9.210526316,447,1.277142857,18,0.051428571,95,0.271428571,65,0.185714286,0.55,0.429172932,0,0,0,1,1,2,2,0,0.012738854,0,0.220930233,0,0,15,40,0.07514881,0.043154762,0.881696429,1.759577444,89.44003008,3.072390977,-268.8755323,4.078947368,5.741353383,7.060881637,4.101462677,36.35338346,1.710526316,11.76315789,1
2709,2091,495,69,121,231,75,14,23,1,0,0,0,0,0,0,0,0,0,0,0,1,0,0,0,1,0,0,0,0,1.505167173,1.831780547,1.717954407,4.224242424,7.173913043,674,1.361616162,47,0.094949495,134,0.270707071,105,0.212121212,0.57,0.493280632,0,0,0,2,2,0,3,0,0.00862069,0,0.570247934,5,0,22,58,0.068722944,0.057900433,0.873376623,2.05313834,84.36075099,3.274896794,-206.1366034,3.268115942,6.667545015,7.843965621,4.007318612,34.24462011,1.52173913,9.768115942,0
79,62,14,2,4,8,2,0,1,0,0,0,0,0,0,0,0,0,0,0,0,1,0,0,0,1,0,0,0,0,1.65,2.076425,1.727608333,4.428571429,7,20,1.428571429,1,0.071428571,5,0.357142857,5,0.357142857,1,0.928571429,0,0,0,0,0,0,0,0,0.111111111,0,0.5,0,0,0,2,0,0.145833333,0.854166667,2.928571429,78.87285714,3.997142857,-199.7157143,3,5.657142857,7.16862163,3.994978571,42.71428571,2.5,10,1
323,251,57,6,16,27,10,1,2,0,0,0,0,0,0,0,0,0,0,0,0,0,0,0,0,0,0,0,0,0,1.694444444,1.969711111,1.708013889,4.403508772,9.5,77,1.350877193,7,0.122807018,16,0.280701754,13,0.228070175,0.7,0.692982456,0,0,0,0,0,1,0,0,0.071428571,0,0.375,0,0,0,10,0.079545455,0.005681818,0.914772727,4.060526316,82.90828947,4.055350877,-274.8633333,4.916666667,8.712280702,9.299571214,4.127091228,37.57017544,2.166666667,12.83333333,0
446,346,84,11,17,29,16,8,7,1,0,0,0,0,0,0,0,0,0,0,0,0,0,0,0,0,1,0,0,0,1.618181818,1.917515152,1.671019697,4.119047619,7.636363636,114,1.357142857,8,0.095238095,26,0.30952381,15,0.178571429,0.8,0.495670996,0,0,0,0,0,0,0,0,0.066666667,0,0.647058824,2,0,3,13,0.097222222,0.019444444,0.883333333,1.788896104,84.26980519,3.402467532,-220.6297186,3.545454545,6.864069264,8.000946393,4.030301732,38.58874459,1.363636364,10.36363636,1
2155,1668,401,18,86,178,58,16,19,1,0,0,0,0,0,0,0,0,0,0,0,1,1,0,0,2,1,0,0,0,1.533783784,1.882733446,1.710130743,4.159600998,22.27777778,521,1.29925187,26,0.064837905,96,0.239401496,64,0.159600998,0.61,0.621640344,2,0,0,5,7,13,14,0,0.011173184,0,0.209302326,5,0,7,47,0.070135747,0.057692308,0.872171946,9.300609587,74.30634733,8.429505403,-659.6332835,12.58333333,11.50462732,9.994966539,4.751715683,46.2179274,3.555555556,28.94444444,0
99,75,22,0,3,14,2,1,0,0,0,0,0,0,0,0,0,0,0,0,0,0,0,0,0,0,0,0,0,0,1.15,1.710425,1.79625,3.409090909,0,26,1.181818182,0,0,1,0.045454545,0,0,1,0.5,0,0,0,0,0,0,0,0,0.066666667,0,0,0,0,0,2,0,0,1,-5.373181818,106.8531818,-1.644545455,4.279545455,0,0,0,3.6365,4.545454545,0,0,0
949,728,190,17,31,79,35,11,9,0,0,0,0,0,0,0,0,0,0,0,0,0,0,0,0,0,1,0,0,0,1.649655172,1.894857931,1.673144828,3.831578947,11.17647059,233,1.226315789,8,0.042105263,37,0.194736842,27,0.142105263,0.64,0.511455108,0,0,0,0,0,1,1,0,0.025,0,0.548387097,1,0,3,31,0.042410714,0.026785714,0.930803571,2.204972136,91.74456656,3.239349845,-328.5261176,5.058823529,6.154798762,7.048011614,4.197501362,30.6501548,1.588235294,13.70588235,1
138,94,30,3,14,9,5,1,2,0,0,0,0,0,0,0,0,0,0,0,0,0,0,0,0,0,0,0,0,0,1.552380952,1.892519048,1.563385714,3.133333333,10,29,0.966666667,1,0.033333333,5,0.166666667,4,0.133333333,0.77,0.666666667,0,0,0,0,0,0,0,0,0.2,0,0.214285714,0,0,1,4,0.078125,0.03125,0.890625,-1.672,114.905,-0.283333333,-297.3446667,4.333333333,5.333333333,6.4273556,4.137763333,26.66666667,1.333333333,9.666666667,1
259,199,48,3,13,20,10,5,3,0,0,0,0,0,0,0,0,0,0,0,0,0,0,0,0,0,0,0,0,0,1.513513514,1.8071,1.590705405,4.145833333,16,67,1.395833333,4,0.083333333,16,0.333333333,9,0.1875,0.9,0.708333333,0,0,0,0,0,0,0,0,0.095238095,0,0.230769231,0,0,2,8,0.078703704,0.111111111,0.810185185,6.096875,72.5075,7.120833333,-471.3810417,8.333333333,9.733333333,9.725611199,4.443258333,49.33333333,3,22.33333333,1
246,201,38,5,8,19,2,1,1,0,0,0,0,0,0,0,0,0,0,0,0,0,0,0,0,0,0,0,0,0,1.518181818,1.787404545,1.641677273,5.289473684,7.6,60,1.578947368,3,0.078947368,12,0.315789474,7,0.184210526,1,0.673684211,0,0,0,0,0,0,0,0,0.1,0,0.625,1,0,0,2,0.020833333,0.013888889,0.965277778,7.283421053,65.54205263,6.005578947,-212.645,3.4,6.197894737,7.554174237,4.025925789,39.17894737,1.4,12,0
189,148,35,3,5,14,7,1,1,0,0,0,0,0,0,0,0,0,0,0,0,0,0,0,0,0,0,0,0,0,1.503225806,1.796974194,1.594080645,4.228571429,11.66666667,48,1.371428571,3,0.085714286,10,0.285714286,7,0.2,0.74,0.704761905,0,0,0,0,0,0,0,0,0.133333333,0,0.6,0,0,1,6,0.006944444,0.027777778,0.965277778,4.319904762,78.97047619,5.142857143,-340.8937143,5.833333333,8.095238095,8.841846275,4.228700952,40.23809524,2.333333333,16,0
4756,3651,913,78,191,418,142,40,58,1,0,0,0,0,0,2,0,0,1,0,0,2,1,0,0,5,4,0,0,1,1.545248227,1.894286383,1.701520567,3.99890471,11.70512821,1206,1.320920044,68,0.074479737,198,0.21686747,131,0.143483023,0.45,0.439983711,1,0,0,5,6,0,10,0,0.00477327,0,0.408376963,8,0,31,107,0.066060904,0.035363458,0.898575639,3.257405285,83.20445917,4.561856517,-343.4002974,5.724358974,7.661240767,8.463088694,4.228834709,33.39187519,1.679487179,15.46153846,1
2993,2298,566,62,129,241,103,22,32,0,0,0,0,0,0,0,0,0,0,0,0,2,0,0,0,2,4,0,0,0,1.505288462,1.8621,1.641522115,4.060070671,9.129032258,762,1.346289753,37,0.065371025,162,0.286219081,80,0.141342756,0.57,0.390687336,0,0,0,5,5,0,4,0,0.008264463,0,0.480620155,5,0,19,94,0.054288321,0.03649635,0.909215328,2.257448991,83.67291918,3.856541662,-265.7571515,4.161290323,6.266453893,7.542262844,4.099622085,37.75094039,1.290322581,12.29032258,1
137,107,22,5,7,9,4,1,0,0,0,0,0,0,0,0,0,0,0,0,0,0,0,0,0,0,0,0,0,0,1.314285714,1.811157143,1.531157143,4.863636364,4.4,35,1.590909091,3,0.136363636,9,0.409090909,6,0.272727273,0.82,0.7,0,0,0,1,1,0,0,0,0.1,0,0.714285714,0,0,0,4,0.046875,0,0.953125,3.677727273,67.77809091,4.898727273,-119.1531818,1.8,7.214545455,7.554174237,3.876271818,45.30909091,1.2,7,0
3119,2418,561,47,141,219,87,30,25,3,0,0,0,0,0,1,0,0,0,0,0,1,0,0,0,2,3,0,0,0,1.527272727,1.871190191,1.670137321,4.310160428,11.93617021,774,1.379679144,50,0.08912656,157,0.279857398,106,0.188948307,0.54,0.466909394,0,0,0,2,2,0,3,0,0.009090909,0,0.333333333,6,0,23,63,0.062267658,0.041356877,0.896375465,4.838940721,77.99893162,5.345320287,-348.4982615,6.031914894,8.339530474,9.021347882,4.242607126,39.92190996,2.255319149,16.46808511,1
522,407,90,14,24,37,19,5,6,0,0,0,0,0,0,0,0,0,0,0,0,0,0,0,0,0,0,0,0,0,1.498461538,1.792726154,1.704772308,4.522222222,6.428571429,133,1.477777778,8,0.088888889,32,0.355555556,20,0.222222222,0.74,0.549206349,0,0,0,2,2,0,0,0,0.052631579,0,0.583333333,0,0,6,13,0.0875,0.05625,0.85625,3.083952381,75.29,4.354920635,-182.021254,2.785714286,6.126984127,7.44753027,3.969392698,41.98412698,1.428571429,9.5,1
2195,1713,397,32,84,184,57,27,22,0,0,0,0,0,0,0,0,0,0,0,0,4,1,0,0,5,2,0,0,0,1.480677966,1.882227458,1.71939661,4.314861461,12.40625,549,1.382871537,39,0.098236776,115,0.289672544,72,0.181360202,0.63,0.535028338,0,0,0,3,3,0,2,0,0.010810811,0,0.380952381,1,0,11,48,0.074275362,0.049516908,0.876207729,5.096122481,77.25172426,5.566321631,-362.572966,6.421875,8.891971033,9.435801124,4.267361587,41.37350441,2.25,17.15625,1
6471,5119,1146,79,204,488,139,48,113,1,0,0,0,0,0,0,0,0,1,0,0,2,0,0,0,2,2,0,0,1,1.592434988,1.875127541,1.656646099,4.466841187,14.50632911,1515,1.321989529,97,0.084642234,323,0.281849913,209,0.182373473,0.33,0.498696622,0,0,0,4,4,1,1,0,0.00408998,0,0.387254902,6,0,11,134,0.038292254,0.020246479,0.941461268,6.861986546,80.27076181,5.666944794,-424.6801788,7.481012658,9.188221,9.459297459,4.369378933,42.69132039,2.64556962,19.17721519,0
830,673,129,13,25,54,19,9,7,2,0,0,0,0,0,0,0,0,0,0,0,0,0,0,0,0,0,0,0,0,1.602173913,1.879894565,1.639315217,5.217054264,9.923076923,219,1.697674419,25,0.19379845,53,0.410852713,44,0.341085271,0.82,0.64281455,0,0,0,1,1,0,0,0,0.036363636,0,0.52,0,0,7,13,0.068359375,0.05078125,0.880859375,8.103864043,53.13982111,8.31255814,-282.7638581,5.884615385,11.72116875,11.0512537,4.159285391,51.00834824,3.384615385,16.84615385,1
2422,1886,416,27,109,182,64,27,12,2,0,0,0,0,0,0,0,0,0,0,0,1,1,0,0,2,0,0,0,0,1.557051282,1.901659295,1.643128205,4.533653846,15.40740741,616,1.480769231,55,0.132211538,136,0.326923077,97,0.233173077,0.54,0.551460114,0,0,0,2,2,0,4,0,0.010928962,0,0.247706422,0,0,26,39,0.042929293,0.04040404,0.916666667,7.627213319,65.92340456,7.891965812,-451.3190011,8.740740741,11.4514245,11.28260606,4.421583609,48.0997151,3.592592593,22.81481481,1
1823,1430,333,25,50,112,57,22,14,1,0,0,0,0,0,0,0,0,0,0,0,0,0,0,0,0,1,0,0,0,1.504247104,1.852344402,1.694456757,4.294294294,13.32,449,1.348348348,32,0.096096096,86,0.258258258,55,0.165165165,0.66,0.418378378,0,0,0,5,5,0,1,0,0.017699115,0,0.5,3,0,13,45,0.074404762,0.04985119,0.875744048,5.456126126,79.24492973,5.515310511,-390.1066066,6.94,9.171843844,9.592334608,4.312345574,39.14582583,2.2,17.96,1
3794,2899,643,90,253,300,104,45,34,1,0,0,0,0,0,0,0,0,1,0,0,2,1,0,0,3,7,0,0,1,1.49010101,1.864752121,1.661829293,4.508553655,7.144444444,939,1.460342146,69,0.107309487,204,0.31726283,126,0.195956454,0.57,0.544548125,0,0,0,3,3,5,17,0,0.006644518,0,0.355731225,5,0,17,89,0.076133144,0.044617564,0.879249292,3.377509936,76.03844332,4.428370658,-203.5779523,3.338888889,7.150157249,8.131152279,4.007808612,38.87072749,1.4,10.43333333,1
2422,1917,417,49,79,159,94,28,27,4,0,0,0,0,0,0,0,0,0,0,0,0,0,0,0,0,1,0,0,0,1.526219512,1.866003963,1.654116463,4.597122302,8.510204082,628,1.505995204,55,0.131894484,135,0.323741007,96,0.230215827,0.62,0.442470513,1,0,0,6,7,0,8,0,0.0125,0,0.620253165,7,0,18,75,0.055418719,0.025862069,0.918719212,4.477548084,70.78994861,5.499722997,-244.0290721,4.37755102,8.679861009,9.181508611,4.079432262,40.8843048,1.959183673,12.81632653,1
7918,6184,1460,119,266,594,266,90,85,10,0,0,0,0,0,0,0,0,0,0,0,2,0,0,0,2,10,0,0,0,1.526955075,1.837432196,1.647631864,4.235616438,12.26890756,2040,1.397260274,139,0.095205479,393,0.269178082,243,0.166438356,0.43,0.447444457,0,0,0,8,8,2,8,0,0.003361345,0,0.447368421,6,0,67,197,0.072853688,0.054866989,0.872279323,4.654207206,76.17383965,5.682545182,-358.9194461,6.302521008,8.715782203,9.303273867,4.26007076,39.18671578,2.042016807,17.14285714,0
617,478,98,17,42,68,2,4,2,0,0,0,0,0,0,0,0,0,0,0,0,0,0,0,0,0,0,0,0,0,1.775757576,1.983739394,1.650784848,4.87755102,5.764705882,175,1.785714286,24,0.244897959,37,0.37755102,27,0.275510204,0.81,0.926170468,0,0,0,0,0,0,0,0,0.028985507,0,0.404761905,3,0,1,1,0.054054054,0.027027027,0.918918919,4.425618247,49.91239496,7.729663866,-160.012401,3.294117647,12.10180072,9.916854025,3.9610988,43.51980792,1.588235294,10.29411765,1
147,111,25,4,12,6,9,1,2,0,0,0,0,0,0,0,0,0,0,0,0,0,0,0,0,0,0,0,0,0,1.513043478,1.764830435,1.771882609,4.44,6.25,40,1.6,3,0.12,9,0.36,7,0.28,0.96,0.61,0,0,0,0,0,0,0,0,0.285714286,0,0.333333333,0,0,2,7,0.016666667,0.075,0.908333333,2.6074,65.13125,5.7275,-177.1484,2.875,7.3,8.076483399,3.965448,42.25,1.75,10,1
6075,4606,1106,97,342,511,188,43,53,6,0,0,0,0,0,2,0,0,0,0,0,2,3,0,0,6,5,0,0,0,1.534491315,1.840541067,1.696741191,4.164556962,11.40206186,1524,1.377938517,103,0.093128391,319,0.288426763,223,0.201627486,0.5,0.491321937,0,0,0,5,5,1,15,0,0.00390625,0,0.283625731,30,0,46,151,0.063969259,0.048372514,0.887658228,3.886094219,78.68830866,5.116478626,-333.3326152,5.762886598,8.285960366,9.01587831,4.216747241,40.24473817,2.298969072,15.71134021,0
137,107,21,4,9,17,1,0,1,0,0,0,0,0,0,0,0,0,0,0,0,0,0,0,0,0,0,0,0,0,1.76,2.02952,1.69868,5.095238095,5.25,33,1.571428571,3,0.142857143,9,0.428571429,5,0.238095238,0.95,1.05952381,0,0,0,0,0,0,0,0,0.055555556,0,0.444444444,0,0,1,0,0,0,1,5.193571429,68.56339286,5.000357143,-143.2890476,2.375,7.814285714,8.076483399,3.919457143,48.10714286,1.25,8.25,0
2893,2190,503,66,162,246,70,30,22,3,0,0,0,0,0,1,0,0,1,0,0,2,0,0,0,3,1,0,0,1,1.652272727,1.935556534,1.687180966,4.35387674,7.621212121,706,1.403578529,57,0.11332008,151,0.300198807,116,0.230616302,0.55,0.54000241,0,0,0,1,1,4,3,0,0.008097166,0,0.407407407,8,0,15,56,0.060077519,0.041182171,0.89874031,2.887365504,80.35672616,3.944499367,-218.7920296,3.674242424,7.581288029,8.438071523,4.032405362,37.64109284,1.757575758,10.6969697,1
891,699,160,10,32,75,16,17,9,1,0,0,0,0,0,0,0,0,0,0,0,0,0,0,0,0,2,0,0,0,1.676363636,1.887666364,1.639401818,4.36875,16,238,1.4875,22,0.1375,44,0.275,33,0.20625,0.77,0.66875,0,0,0,0,0,0,3,0,0.026315789,0,0.3125,0,0,6,10,0.095238095,0.026785714,0.87797619,7.1468125,64.7525,8.2025,-470.0680625,10.2,11.9,11.60247206,4.45181125,43.5,3.3,23.8,0
4682,3599,899,77,181,366,143,43,45,1,1,0,0,0,0,2,0,0,2,0,0,6,0,0,0,8,4,0,0,2,1.558478605,1.859605705,1.691024247,4.003337041,11.67532468,1189,1.322580645,72,0.080088988,213,0.236929922,140,0.155728587,0.52,0.418993687,0,0,0,4,4,1,8,0,0.005449591,0,0.425414365,5,0,38,113,0.069349315,0.041952055,0.88869863,3.263379802,83.09422287,4.569828236,-342.4800851,5.772727273,7.873689381,8.653254563,4.228242155,35.36831689,1.818181818,15.44155844,0
637,504,127,6,7,46,30,6,6,0,0,0,0,0,0,0,0,0,0,0,0,1,0,0,0,1,1,0,0,0,1.56039604,1.918024752,1.650088119,3.968503937,21.16666667,164,1.291338583,4,0.031496063,29,0.228346457,19,0.149606299,0.69,0.410761155,0,0,0,2,2,0,1,0,0.042553191,0,0.857142857,0,0,6,24,0.084507042,0.072183099,0.843309859,7.844986877,76.10358924,7.902795276,-627.4255118,11.25,9.726509186,7.793537801,4.691339895,44.00131234,3.166666667,27.33333333,1
45,35,10,0,1,4,2,0,1,0,0,0,0,0,0,0,0,0,0,0,0,0,0,0,0,0,0,0,0,0,1.266666667,1.8373,1.546816667,3.5,0,13,1.3,0,0,2,0.2,2,0.2,1,0.4,0,0,0,0,0,0,0,0,0.2,0,0,0,0,0,1,0.0625,0.0625,0.875,-4.945,96.855,-0.25,4.815,0,0,0,3.6365,20,0,0,0
692,549,105,18,39,49,12,10,2,1,0,0,0,0,0,0,0,0,0,0,0,2,0,0,0,2,1,0,0,0,1.527586207,1.795232759,1.614863793,5.228571429,5.833333333,175,1.666666667,24,0.228571429,46,0.438095238,31,0.295238095,0.73,0.703174603,0,0,0,0,0,1,1,0,0.04,0,0.461538462,1,0,5,8,0.042857143,0.025,0.932142857,6.113238095,59.91416667,6.351666667,-160.0037143,3.25,11.47619048,9.725611199,3.961924762,49.64285714,1.722222222,9.722222222,1
3119,2415,571,57,125,287,100,20,30,0,0,0,0,0,0,1,0,0,1,0,0,4,0,0,0,5,3,0,0,1,1.573262032,1.836752139,1.67104385,4.229422067,10.01754386,795,1.392294221,55,0.096322242,159,0.278458844,105,0.183887916,0.6,0.528927397,1,0,0,0,1,2,4,0,0.006944444,0,0.456,8,0,35,71,0.048432727,0.046112727,0.905454545,3.499349863,78.87910191,4.745913909,-291.4150198,4.973684211,7.859907211,8.740727731,4.148579457,37.86342827,1.842105263,13.94736842,1
496,352,105,11,37,39,14,4,3,2,0,0,0,0,0,0,0,0,0,0,0,0,0,0,0,0,0,0,0,0,1.614285714,1.868672857,1.64718,3.352380952,9.545454545,121,1.152380952,7,0.066666667,19,0.180952381,14,0.133333333,0.66,0.443290043,0,0,0,0,0,0,0,0,0.05,0,0.297297297,0,0,4,7,0.116071429,0.095238095,0.788690476,-0.867558442,99.65493506,1.730822511,-282.4181126,4.409090909,6.484848485,7.68629501,4.120481212,27.64069264,1.272727273,11,1
1609,1223,306,29,69,140,33,8,11,0,0,0,0,0,0,0,0,0,0,0,0,2,0,0,0,2,3,0,0,0,1.496261682,1.883473364,1.635866355,3.996732026,10.55172414,400,1.307189542,15,0.049019608,72,0.235294118,54,0.176470588,0.57,0.482195177,0,0,0,1,1,2,5,0,0.014184397,0,0.420289855,7,0,7,27,0.05,0.043965517,0.906034483,2.670469912,85.53676471,3.950009015,-308.8109725,4.793103448,6.181473969,7.237678284,4.167605713,34.0811359,1.862068966,13.79310345,1
564,440,99,12,26,56,18,6,5,0,0,0,0,0,0,0,0,0,0,0,0,1,0,0,0,1,0,0,0,0,1.68358209,1.801149254,1.776337313,4.444444444,8.25,141,1.424242424,10,0.101010101,30,0.303030303,23,0.232323232,0.84,0.659090909,0,0,0,0,0,0,2,0,0.035087719,0,0.461538462,0,0,2,16,0.048076923,0.055288462,0.896634615,3.628333333,77.97034091,4.433560606,-237.1222222,3.958333333,7.34040404,8.3441,4.061649495,38.5530303,1.916666667,11.75,0
3990,3116,754,40,118,306,129,38,38,2,0,0,0,0,0,4,0,0,0,0,0,0,1,0,0,4,2,0,0,0,1.527433628,1.824514513,1.661286195,4.132625995,18.85,1041,1.380636605,78,0.103448276,196,0.25994695,128,0.169761273,0.53,0.463992042,1,0,0,6,7,2,5,0,0.006514658,0,0.338983051,0,0,32,97,0.062048193,0.049096386,0.888855422,7.459668435,70.90039324,8.053011936,-556.9588329,11.375,11.67793103,11.10651603,4.587794483,44.84469496,3.2,26.025,0
1301,990,245,29,66,144,15,5,4,0,0,0,0,0,0,0,0,0,0,0,0,0,0,0,0,0,0,0,0,0,1.4925,1.92688125,1.65141125,4.040816327,8.448275862,390,1.591836735,48,0.195918367,71,0.289795918,57,0.232653061,0.6,0.777339901,0,0,0,0,0,0,1,0,0.013793103,0,0.439393939,4,0,0,18,0.055825243,0.040048544,0.904126214,1.826382829,63.59061224,6.488501056,-245.4478677,4.879310345,11.21604504,10.47874827,4.086469993,37.4278677,1.965517241,13.44827586,1
139,102,27,3,11,10,7,1,2,0,0,0,0,0,0,0,0,0,0,0,0,0,0,0,0,0,0,0,0,0,1.51,1.8544,1.71458,3.777777778,9,34,1.259259259,1,0.037037037,8,0.296296296,5,0.185185185,0.85,0.703703704,0,0,0,0,0,0,0,0,0.181818182,0,0.272727273,0,0,0,7,0.071428571,0.089285714,0.839285714,0.863333333,91.16666667,2.779259259,-263.5488889,3.833333333,5.081481481,6.4273556,4.088748148,38.62962963,1.666666667,11.33333333,1
5218,4077,953,93,188,340,200,56,39,4,0,0,0,0,0,0,0,0,0,0,0,0,1,0,0,1,7,0,0,0,1.515024631,1.876122537,1.680867857,4.278069255,10.24731183,1325,1.390346275,80,0.083945435,224,0.235047219,153,0.160545645,0.48,0.415789414,0,0,0,11,11,2,4,0,0.005865103,0,0.494680851,5,0,40,165,0.092307692,0.043269231,0.864423077,3.843362105,78.81068364,4.812537657,-298.0215269,4.983870968,7.45674215,8.427545298,4.158021651,33.75203376,1.64516129,14.24731183,1
554,435,97,14,23,44,18,5,5,2,0,0,0,0,0,0,0,0,0,0,0,0,0,0,0,0,0,0,0,0,1.552941176,1.885355882,1.675941176,4.484536082,6.928571429,138,1.422680412,6,0.06185567,29,0.298969072,21,0.216494845,0.86,0.535346097,0,0,0,0,0,0,1,0,0.044444444,0,0.608695652,5,0,3,14,0.0725,0.02,0.9075,3.156450663,79.44373711,3.899771723,-197.2432253,2.892857143,5.245655376,6.868970319,3.989924153,36.82547865,1.5,9.857142857,0
1070,784,196,37,91,83,36,9,7,2,0,0,0,0,0,1,0,0,0,0,0,2,0,0,0,3,0,0,0,0,1.509489051,1.805378102,1.605578102,4,5.297297297,269,1.37244898,20,0.102040816,58,0.295918367,41,0.209183673,0.65,0.48110866,0,0,0,3,3,0,3,0,0.023809524,0,0.406593407,3,0,3,31,0.028225806,0.041666667,0.930107527,0.058648649,85.34905957,2.670843905,-151.1589189,2.189189189,6.200551572,7.329194594,3.915358191,34.88913403,1.108108108,7.27027027,1
141,109,29,2,4,12,5,1,1,0,0,0,0,0,0,1,0,0,0,0,0,0,0,0,0,1,0,0,0,0,1.466666667,1.9939125,1.666145833,3.75862069,14.5,39,1.344827586,1,0.034482759,7,0.24137931,3,0.103448276,0.9,0.844827586,0,0,0,1,1,0,0,0,0.153846154,0,0.5,1,0,1,2,0.09375,0.05,0.85625,3.523103448,78.34508621,5.933965517,-428.6617241,6.75,7.179310345,7.16862163,4.361144828,38.63793103,1.5,19.5,0
1682,1294,319,34,68,110,83,18,20,0,0,0,0,0,0,0,0,0,1,0,0,0,1,0,0,1,0,0,0,1,1.56227758,1.848729537,1.67917153,4.056426332,9.382352941,421,1.319749216,18,0.056426332,80,0.250783699,45,0.141065831,0.58,0.361700166,0,0,0,5,5,0,3,0,0.018018018,0,0.5,1,0,8,77,0.07642487,0.04015544,0.883419689,2.366944496,85.66112807,3.642158399,-273.3782371,4.220588235,6.009994468,7.285733465,4.110774424,34.46072285,1.323529412,12.38235294,1
10015,7865,1797,86,251,638,338,92,105,4,1,0,0,0,0,2,0,0,1,0,0,4,4,0,0,9,3,0,0,1,1.479868852,1.837484852,1.687965836,4.376739009,20.89534884,2576,1.433500278,198,0.110183639,500,0.278241514,330,0.183639399,0.38,0.415078102,1,0,0,12,13,0,7,0,0.00312989,0,0.342629482,12,0,49,299,0.064543269,0.053125,0.882331731,9.632115153,64.35209739,9.47448933,-616.8814724,12.75,12.76548511,11.79728767,4.690307299,48.7195002,3.837209302,29.95348837,1
832,616,161,15,56,115,6,3,5,0,0,0,0,0,0,0,0,0,0,0,0,0,0,0,0,0,0,0,0,0,1.5,1.861995455,1.695881818,3.826086957,10.73333333,255,1.583850932,27,0.167701863,38,0.236024845,28,0.173913043,0.76,0.992132505,0,0,0,0,0,0,1,0,0.017241379,0,0.267857143,2,0,1,5,0.031818182,0.038636364,0.929545455,1.957536232,61.94687785,7.285440994,-315.2643478,6.166666667,11.00140787,10.79355341,4.195353458,34.33581781,1.866666667,17,1
182,149,27,5,7,17,4,3,1,0,0,0,0,0,0,0,0,0,0,0,0,0,0,0,0,0,0,0,0,0,1.436363636,2.020272727,1.649936364,5.518518519,5.4,50,1.851851852,5,0.185185185,10,0.37037037,7,0.259259259,0.96,0.977777778,0,0,0,0,0,0,0,0,0.111111111,0,0.714285714,3,0,1,3,0.015625,0.046875,0.9375,7.262222222,44.68733333,8.367851852,-145.2959259,2.7,9.567407407,8.841846275,3.933580741,42.43703704,1.4,10,1
1415,1051,248,16,116,127,25,19,9,1,0,0,0,0,0,0,0,0,0,0,0,1,0,0,0,1,0,0,0,0,1.636486486,1.920835135,1.708208108,4.237903226,15.5,336,1.35483871,21,0.084677419,73,0.294354839,46,0.185483871,0.67,0.614919355,0,0,0,0,0,0,0,0,0.015625,0,0.137931034,0,0,9,22,0.082291667,0.048958333,0.86875,6.280524194,76.48314516,6.442096774,-455.83875,8.0625,9.587096774,9.673873058,4.418670565,44.93548387,2.875,21,1
150,114,27,3,10,14,6,0,2,2,0,0,0,0,0,0,0,0,0,0,0,0,0,0,0,0,0,0,0,0,1.494736842,1.879378947,1.5768,4.222222222,9,40,1.481481481,4,0.148148148,6,0.222222222,4,0.148148148,0.89,0.962962963,0,0,0,0,0,0,0,0,0.066666667,0,0.3,0,0,3,2,0.102272727,0.034090909,0.863636364,2.956666667,72.36666667,5.401481481,-260.9311111,4.833333333,9.525925926,9.725611199,4.106292593,31.22222222,1.333333333,13.33333333,1
440,329,81,11,31,34,9,5,4,0,0,0,0,0,0,1,0,0,0,0,0,0,0,0,0,1,0,0,0,0,1.687272727,1.943827273,1.612152727,4.061728395,7.363636364,110,1.358024691,8,0.098765432,21,0.259259259,17,0.209876543,0.8,0.572390572,0,0,0,0,0,0,1,0,0.057142857,0,0.35483871,0,0,0,8,0.036931818,0.022727273,0.940340909,1.382558923,84.4720202,3.30650954,-212.7855107,3.409090909,6.896071829,8.000946393,4.017331425,33.28956229,1.545454545,10,1
1559,1149,289,45,122,138,38,16,14,2,0,0,0,0,0,0,0,0,1,0,0,0,0,0,0,0,1,0,0,1,1.479144385,1.877555615,1.672931016,3.975778547,6.422222222,383,1.325259516,23,0.079584775,77,0.266435986,53,0.183391003,0.63,0.551633987,0,0,0,1,1,0,1,0,0.014388489,0,0.368852459,8,0,12,29,0.071572581,0.038306452,0.890120968,0.507028066,88.19948943,2.55272895,-185.049331,2.722222222,5.752279892,7.213258583,3.967608658,33.06582084,1.177777778,8.511111111,1
222,170,37,5,14,15,4,3,1,0,0,0,0,0,0,0,0,0,0,0,0,0,0,0,0,0,0,0,0,0,1.417391304,1.861113043,1.802321739,4.594594595,7.4,55,1.486486486,4,0.108108108,13,0.351351351,9,0.243243243,0.92,0.686486486,0,0,0,0,0,0,0,0,0.125,0,0.357142857,0,0,0,6,0.058333333,0.066666667,0.875,3.910540541,73.56724324,4.836540541,-210.7378378,3.5,7.284324324,8.238735603,4.02061027,42.53513514,1.8,11,1
4660,3562,838,116,261,376,139,39,38,2,0,0,0,0,0,2,0,0,2,0,0,6,0,0,0,8,2,0,0,2,1.52761578,1.847577702,1.678666209,4.250596659,7.224137931,1174,1.400954654,85,0.101431981,234,0.279236277,142,0.169451074,0.52,0.472821167,1,0,0,4,5,1,17,0,0.00530504,0,0.444444444,14,0,21,133,0.053654292,0.053944316,0.892401392,2.202379228,80.98173628,3.75867871,-207.4881236,3.344827586,6.946934409,8.019286293,4.010833351,35.14776562,1.224137931,10.12068966,1
673,517,132,10,25,58,19,5,7,0,0,0,0,0,0,0,0,0,0,0,0,1,0,0,0,1,1,0,0,0,1.626966292,1.821933708,1.629255056,3.916666667,13.2,161,1.21969697,9,0.068181818,29,0.21969697,17,0.128787879,0.55,0.592424242,0,0,0,0,0,0,1,0,0.033898305,0,0.4,0,0,10,8,0.08390411,0.037671233,0.878424658,3.6175,90.25063636,3.950424242,-388.7308333,6.5,8.007272727,8.548686977,4.301985909,35.16969697,1.7,16.1,0
631,494,103,10,32,50,18,5,2,0,0,0,0,0,0,0,0,0,0,0,0,0,0,0,0,0,0,0,0,0,1.637333333,1.943789333,1.703089333,4.796116505,10.3,155,1.504854369,13,0.126213592,32,0.310679612,26,0.252427184,0.83,0.663106796,0,0,0,1,1,0,0,0,0.039215686,0,0.3125,0,0,4,14,0.086864407,0.059322034,0.853813559,6.309708738,69.06982039,6.184281553,-296.5508738,5.45,9.168543689,9.642632912,4.167309126,41.36796117,2.6,15.5,1
4265,3328,823,40,106,399,125,24,31,1,1,0,0,0,0,0,0,0,0,0,0,2,1,0,0,3,1,0,0,0,1.544153578,1.845799825,1.675174869,4.043742406,20.575,1102,1.339003645,68,0.082624544,200,0.243013366,135,0.164034022,0.49,0.501306197,0,0,0,5,5,0,1,0,0.005,0,0.377358491,11,0,42,81,0.05006068,0.026395631,0.923543689,7.903526731,72.67166662,8.234493013,-609.2323572,11.9875,11.53498177,10.57760985,4.670066416,44.87633657,3.375,27.55,0
521,398,92,13,31,37,11,5,6,0,0,0,0,0,0,0,0,0,0,0,0,0,0,0,0,0,0,0,0,0,1.350769231,1.906415385,1.621798462,4.326086957,7.076923077,123,1.336956522,8,0.086956522,27,0.293478261,20,0.217391304,0.82,0.544314381,0,0,0,0,0,0,2,0,0.052631579,0,0.419354839,3,0,1,11,0.040816327,0.06122449,0.897959184,2.484331104,86.54540134,2.946086957,-202.6270401,3.153846154,6.3090301,7.610546882,4.001245819,36.42474916,1.538461538,9.461538462,1
1439,1090,272,41,77,132,47,8,17,1,0,0,0,0,0,0,0,0,0,0,0,1,0,0,0,1,0,0,0,0,1.568780488,1.923677073,1.676401463,4.007352941,6.634146341,353,1.297794118,15,0.055147059,67,0.246323529,45,0.165441176,0.64,0.506007891,0,0,0,0,0,0,5,0,0.015037594,0,0.532467532,3,0,11,37,0.065140845,0.028169014,0.906690141,0.761705524,90.30795911,2.311287661,-191.2210814,2.682926829,4.85954089,6.584502451,3.974261379,31.26649928,1.097560976,8.609756098,0
75,59,15,1,2,6,4,0,2,0,0,0,0,0,0,0,0,0,0,0,0,0,0,0,0,0,0,0,0,0,1.76,1.89659,1.74777,3.933333333,15,22,1.466666667,2,0.133333333,4,0.266666667,4,0.266666667,0.93,1.4,0,0,0,0,0,0,0,0,0.142857143,0,0.5,1,0,0,5,0.109375,0,0.890625,4.596,67.53,7.566666667,-442.6326667,8.5,11.33333333,11.20814326,4.401553333,41.66666667,4,22,1
1120,851,201,31,69,81,32,10,14,1,0,0,0,0,0,1,0,0,0,0,0,0,1,0,0,2,2,0,0,0,1.527516779,1.854112752,1.69866443,4.233830846,6.483870968,283,1.407960199,25,0.124378109,51,0.253731343,41,0.2039801,0.67,0.465093885,0,0,0,2,2,0,4,0,0.024390244,0,0.449275362,11,0,5,31,0.053738318,0.075934579,0.870327103,1.753278767,81.14043813,3.552640026,-185.3788654,3.048387097,7.568672765,8.2592976,3.977739303,31.8570053,1.322580645,9.129032258,1
144,114,26,2,4,12,4,1,1,0,0,0,0,0,0,0,0,0,0,0,0,0,0,0,0,0,0,0,0,0,1.83,1.78444,1.73948,4.384615385,13,40,1.538461538,4,0.153846154,9,0.346153846,5,0.192307692,0.88,1.076923077,0,0,0,0,0,0,0,0,0.153846154,0,0.5,0,0,2,2,0.008333333,0.083333333,0.908333333,5.721538462,63.48615385,7.633846154,-379.9746154,7.5,11.35384615,11.20814326,4.305592308,47.61538462,2.5,20,1
814,635,150,14,29,56,31,7,7,3,0,0,0,0,0,0,0,0,0,0,0,0,0,0,0,0,1,0,0,0,1.460176991,1.845168142,1.672355752,4.233333333,10.71428571,203,1.353333333,14,0.093333333,41,0.273333333,23,0.153333333,0.71,0.491428571,0,0,0,1,1,1,1,0,0.035087719,0,0.482758621,2,0,6,24,0.076666667,0.04,0.883333333,3.866142857,81.468,4.557904762,-312.2942381,5.357142857,8.019047619,8.841846275,4.182665905,38.04761905,1.642857143,14.5,0
252,197,45,3,10,21,9,2,3,0,0,0,0,0,0,0,0,0,0,0,0,0,0,0,0,0,0,0,0,0,1.457142857,1.893319048,1.712342857,4.377777778,15,75,1.666666667,9,0.2,15,0.333333333,11,0.244444444,0.87,0.955555556,0,0,0,0,0,0,0,0,0.090909091,0,0.3,0,0,3,5,0.056451613,0.024193548,0.919354839,6.689333333,50.61,9.926666667,-440.0148889,10.5,14,13.0238668,4.41208,48.33333333,3.666666667,25,0
2875,2244,493,55,139,208,83,29,33,3,1,0,0,0,0,1,0,0,0,0,0,2,0,0,0,3,3,0,0,0,1.511884058,1.860592464,1.653827246,4.551724138,8.963636364,747,1.515212982,70,0.14198783,166,0.336713996,110,0.223123732,0.62,0.539479993,0,0,0,4,4,1,6,0,0.009569378,0,0.395683453,8,0,24,63,0.076065891,0.057170543,0.866763566,4.490438871,69.54989084,5.785331366,-257.8994357,4.754545455,9.26496773,9.57394699,4.103516242,42.63503596,2,13.58181818,1
147,113,26,5,7,12,5,1,3,0,0,0,0,0,0,0,0,0,0,0,0,0,0,0,0,0,0,0,0,0,1.5625,1.72585625,1.60924375,4.346153846,5.2,38,1.461538462,2,0.076923077,9,0.346153846,5,0.192307692,0.88,0.661538462,0,0,0,0,0,0,0,0,0.153846154,0,0.714285714,1,0,1,4,0.125,0.052083333,0.822916667,1.640384615,77.91084615,3.684153846,-146.2011538,2,5.156923077,6.742157985,3.906566154,39.81538462,1,7.6,0
813,633,139,17,42,63,24,10,1,0,1,0,0,0,0,0,0,0,0,0,0,1,0,0,0,1,3,0,0,0,1.570833333,1.965480208,1.712178125,4.553956835,8.176470588,211,1.517985612,21,0.151079137,48,0.345323741,42,0.302158273,0.68,0.691917055,0,0,0,0,0,4,2,0,0.03125,0,0.404761905,1,0,2,19,0.066666667,0.036666667,0.896666667,4.107371985,70.11429962,5.511053745,-234.2713119,4.323529412,9.313753703,9.478462497,4.065908337,42.70884469,2.470588235,12.41176471,1
432,332,86,2,15,39,9,9,5,0,0,0,0,0,0,0,0,0,0,0,0,0,0,0,0,0,0,0,0,0,1.514705882,1.980219118,1.749113235,3.860465116,43,105,1.220930233,7,0.081395349,17,0.197674419,9,0.104651163,0.69,0.930232558,0,0,0,0,0,0,0,0,0.05,0,0.133333333,0,0,3,5,0.0675,0.05,0.8825,18.2527907,59.89930233,15.58697674,-1283.06186,25,20.45581395,13.81666965,5.782152326,62.76744186,4.5,52.5,0
2685,2005,492,44,189,255,63,23,13,0,1,0,0,0,0,0,0,0,0,0,0,0,0,0,0,0,2,0,0,0,1.541860465,1.920586047,1.658584593,4.075203252,11.18181818,679,1.380081301,47,0.095528455,126,0.256097561,96,0.195121951,0.61,0.624353289,0,0,0,0,0,0,5,0,0.0078125,0,0.232804233,5,0,18,44,0.054253472,0.0234375,0.922309028,3.355116408,78.7305765,5.055868441,-327.2515983,5.659090909,8.293865484,9.033387906,4.206202125,36.79157428,2.181818182,15.43181818,1
1910,1444,335,34,129,165,63,13,6,3,0,0,0,0,0,0,0,0,0,0,0,0,0,0,0,0,1,0,0,0,1.519282511,1.915634081,1.667358296,4.310447761,9.852941176,482,1.43880597,47,0.140298507,104,0.310447761,75,0.223880597,0.63,0.584635645,0,0,0,1,1,3,2,0,0.012048193,0,0.263565891,3,0,18,42,0.054635762,0.04718543,0.898178808,3.798679543,75.11127963,5.230557507,-285.999698,5.308823529,9.553116769,9.845776108,4.147359017,40.8977173,2.205882353,14.17647059,1
196,154,41,1,2,14,11,1,2,0,0,0,0,0,0,0,0,0,0,0,0,0,0,0,0,0,0,0,0,0,1.70625,1.904671875,1.67829375,3.756097561,41,50,1.219512195,3,0.073170732,7,0.170731707,5,0.12195122,0.83,1.341463415,0,0,0,0,0,0,1,0,0.133333333,0,0.5,0,0,2,9,0.052083333,0.046875,0.901041667,16.76121951,62.04926829,14.7902439,-1223.676585,23.5,19.32682927,13.0238668,5.681653659,58.07317073,5,50,0
110,84,19,4,8,11,6,0,0,0,0,0,0,0,0,0,0,0,0,0,0,1,0,0,0,1,0,0,0,0,1.861538462,2.029176923,1.783361538,4.421052632,4.75,28,1.473684211,2,0.105263158,6,0.315789474,4,0.210526316,0.95,0.828947368,0,0,0,0,0,0,0,0,0,0,0.5,0,0,1,5,0.125,0.019230769,0.855769231,1.768157895,77.34006579,3.651973684,-132.26,1.875,6.110526316,7.16862163,3.888721053,36.32894737,1,7,1
148,116,27,5,6,8,9,1,3,0,0,0,0,0,0,0,0,0,0,0,0,0,0,0,0,0,0,0,0,0,1.372727273,1.728259091,1.69135,4.296296296,5.4,39,1.444444444,3,0.111111111,8,0.296296296,7,0.259259259,0.93,0.496296296,0,0,0,0,0,0,0,0,0.111111111,0,0.833333333,1,0,0,9,0.010416667,0.166666667,0.822916667,1.505555556,79.154,3.560444444,-152.4948148,2.3,6.604444444,7.554174237,3.921884444,35.02962963,1.4,7.8,1
405,315,76,6,12,32,12,5,3,0,0,0,0,0,0,0,0,0,0,0,0,0,0,0,0,0,0,0,0,0,1.650847458,1.86290678,1.674723729,4.144736842,12.66666667,99,1.302631579,6,0.078947368,17,0.223684211,10,0.131578947,0.78,0.627192982,0,0,0,0,0,0,0,0,0.060606061,0,0.5,1,0,2,10,0.074404762,0.023809524,0.901785714,4.42504386,83.77570175,4.721052632,-371.3875,6.333333333,8.224561404,8.841846275,4.277232456,35.03508772,1.666666667,16.5,0
89,71,14,0,4,6,1,1,1,0,0,0,0,0,0,0,0,0,0,0,0,0,0,0,0,0,0,0,0,0,1.36,1.96509,1.72901,5.071428571,0,23,1.642857143,3,0.214285714,7,0.5,5,0.357142857,0.79,0.642857143,0,0,0,0,0,0,0,0,0.285714286,0,0,0,0,0,1,0.025,0,0.975,2.456428571,67.84928571,3.795714286,14.07071429,0,8.571428571,0,3.670335714,50,0,0,0
1239,962,213,21,65,81,39,10,15,2,0,0,0,0,0,0,0,0,0,0,0,0,0,0,0,0,0,0,0,0,1.614130435,1.880243478,1.653866848,4.516431925,10.14285714,319,1.497652582,26,0.122065728,59,0.276995305,47,0.220657277,0.72,0.503018109,0,0,0,1,1,0,1,0,0.024390244,0,0.323076923,1,0,14,23,0.066666667,0.054166667,0.879166667,4.913822938,69.83859155,6.038014755,-293.4839302,5.30952381,8.939771965,9.485657244,4.158859893,37.84238766,2.238095238,15.19047619,0
441,350,76,5,16,37,7,6,4,0,0,0,0,0,0,1,0,0,0,0,0,0,0,0,0,1,0,0,0,0,1.513636364,1.902031818,1.625406818,4.605263158,15.2,117,1.539473684,12,0.157894737,27,0.355263158,18,0.236842105,0.89,0.857894737,0,0,0,1,1,0,1,0,0.052631579,0,0.3125,0,0,1,7,0.112068966,0.021551724,0.86637931,7.860789474,61.16752632,8.503789474,-444.675,9,12.39578947,11.97924847,4.415351579,50.72631579,3.6,23.4,1
774,586,145,12,38,43,23,10,18,0,0,0,0,0,0,0,0,0,0,0,0,1,0,0,0,1,0,0,0,0,1.615384615,1.848625962,1.615572115,4.04137931,12.08333333,195,1.344827586,12,0.082758621,37,0.255172414,25,0.172413793,0.71,0.435057471,0,0,0,1,1,0,1,0,0.045454545,0,0.315789474,0,0,5,21,0.052364865,0.025337838,0.922297297,3.646563218,80.79800287,4.991465517,-354.4962759,6.041666667,8.143678161,8.841846275,4.24890092,37.60057471,2.083333333,16.25,1
867,690,150,10,26,66,27,6,6,1,0,0,0,0,0,0,0,0,0,0,0,0,0,0,0,0,0,0,0,0,1.538596491,1.949235088,1.670994737,4.6,15,227,1.513333333,16,0.106666667,48,0.32,35,0.233333333,0.69,0.613333333,0,0,0,1,1,1,1,0,0.029850746,0,0.384615385,2,0,2,25,0.087662338,0.025974026,0.886363636,7.736,63.582,8.117333333,-438.706,8.1,10.26666667,10.35521597,4.397342667,47,3.5,22.7,1
432,329,76,11,20,33,13,5,3,0,0,0,0,0,0,0,0,0,1,0,0,1,0,0,0,1,0,0,0,1,1.534693878,1.841022449,1.68825102,4.328947368,6.909090909,105,1.381578947,8,0.105263158,24,0.315789474,16,0.210526316,0.87,0.525119617,0,0,0,0,0,0,0,0,0.058823529,0,0.55,0,0,3,13,0.125,0.055555556,0.819444444,2.41388756,82.94069378,3.407177033,-197.5752273,3.181818182,6.974162679,8.000946393,3.995811962,38.48803828,1.454545455,9.545454545,1
14,11,3,0,1,3,0,0,0,0,0,0,0,0,0,0,0,0,0,0,0,0,0,0,0,0,0,0,0,0,0,0,0,3.666666667,0,4,1.333333333,1,0.333333333,1,0.333333333,1,0.333333333,0.67,1,0,0,0,0,0,0,0,0,0,0,0,0,0,0,0,0,0,0,-4.16,94.035,0.143333333,5.796666667,0,13.33333333,0,3.689133333,33.33333333,0,0,0
93,46,12,2,36,6,0,1,0,0,0,0,0,0,0,0,0,0,0,0,0,0,0,0,0,0,1,0,0,0,1.2,1.9095125,1.723275,3.833333333,6,14,1.166666667,0,0,2,0.166666667,1,0.083333333,0.83,1,0,0,0,0,0,0,0,0,0.166666667,0,0.055555556,0,0,0,2,0.232142857,0.196428571,0.571428571,-0.375,102.045,0.516666667,-173.2216667,2,2.4,3.1291,3.9341,22.66666667,0.5,7,0
351,283,38,3,26,30,0,2,0,0,0,0,0,0,0,0,0,0,0,0,0,0,0,0,0,0,0,0,0,0,1.633333333,1.6926,1.50025,7.447368421,12.66666667,87,2.289473684,16,0.421052632,25,0.657894737,22,0.578947368,0.92,1.570175439,0,0,0,0,0,1,0,0,0.033333333,0,0.115384615,6,0,0,0,0.097222222,0,0.902777778,19.9804386,0.288859649,16.36578947,-351.935,11.66666667,21.90877193,16.3221224,4.331250877,78.45614035,7.333333333,29,0
883,682,172,15,29,72,26,8,14,1,0,0,0,0,0,0,0,0,0,0,0,0,0,0,0,0,0,0,0,0,1.613114754,1.790345902,1.698254918,3.965116279,11.46666667,226,1.313953488,14,0.081395349,47,0.273255814,30,0.174418605,0.66,0.415503876,0,0,0,0,0,0,1,0,0.02739726,0,0.517241379,0,0,12,15,0.048469388,0.029336735,0.922193878,2.979031008,84.03586822,4.386651163,-336.4454651,5.666666667,7.84248062,8.648137235,4.218098992,38.79224806,2,15.06666667,0
1702,1289,295,61,119,175,42,14,19,0,0,0,0,0,0,0,0,0,0,0,0,1,0,0,0,1,0,0,0,0,1.510416667,1.984878646,1.748525521,4.369491525,4.836065574,396,1.342372881,23,0.077966102,89,0.301694915,61,0.206779661,0.69,0.609613782,0,0,0,2,2,1,3,0,0.011363636,0,0.512605042,1,0,3,37,0.076724138,0.052586207,0.870689655,1.568337872,88.36164768,2.136065574,-135.1456621,1.795081967,5.053070297,6.636973603,3.8886797,35.0055571,1,6.491803279,1
398,306,65,10,28,37,8,3,4,0,0,0,0,0,0,0,0,0,0,0,0,0,0,0,0,0,0,0,0,0,1.529166667,1.931102083,1.698435417,4.707692308,6.5,98,1.507692308,7,0.107692308,20,0.307692308,18,0.276923077,0.92,0.669230769,0,0,0,0,0,0,1,0,0.052631579,0,0.357142857,0,0,2,6,0.083333333,0.104166667,0.8125,3.993230769,72.68673077,4.735769231,-183.0716923,2.95,6.907692308,7.90872645,3.975904615,37.26923077,1.8,9.8,1
453,338,84,12,32,38,13,4,4,1,0,0,0,0,0,1,0,0,1,0,0,0,0,0,0,1,0,0,0,1,1.457692308,1.836253846,1.679261538,4.023809524,7,120,1.428571429,12,0.142857143,24,0.285714286,17,0.202380952,0.79,0.595238095,0,0,0,1,1,0,0,0,0.051282051,0,0.375,0,0,4,8,0.060897436,0.051282051,0.887820513,1.022142857,78.87285714,3.997142857,-202.0997619,3.5,8.514285714,8.841846275,4.006257143,35.57142857,1.416666667,10,0
15,10,3,1,3,1,0,0,1,0,0,0,0,0,0,0,0,0,0,0,0,0,0,0,0,0,0,0,0,0,2.4,1.70235,1.4097,3.333333333,3,4,1.333333333,0,0,1,0.333333333,1,0.333333333,1,1.333333333,0,0,0,0,0,0,0,0,1,0,0.333333333,0,0,0,0,0.125,0,0.875,-4.23,90.99,1.313333333,-86.16666667,0.5,1.2,3.1291,3.7853,36.33333333,1,4,0
719,568,123,9,28,59,20,4,3,0,0,0,0,0,0,0,0,0,0,0,0,0,0,0,0,0,1,0,0,0,1.559036145,1.855690361,1.704396386,4.617886179,13.66666667,190,1.544715447,19,0.154471545,40,0.325203252,31,0.25203252,0.77,0.639566396,0,0,0,1,1,0,0,0,0.033333333,0,0.321428571,4,0,7,14,0.066326531,0.045918367,0.887755102,7.153577236,62.2804065,7.967642276,-398.6006504,7.944444444,11.64552846,11.4295279,4.338757724,46.18699187,3.444444444,21.11111111,1
1724,1324,327,31,74,145,55,11,16,0,0,0,0,0,0,0,0,0,0,0,0,2,1,0,0,3,3,0,0,0,1.481702128,1.888685957,1.680193191,4.048929664,10.5483871,435,1.330275229,31,0.094801223,78,0.23853211,57,0.174311927,0.6,0.469566933,1,0,0,2,3,0,1,0,0.01369863,0,0.418918919,5,0,5,51,0.074166667,0.043333333,0.8825,2.914652264,83.58710269,4.221118674,-308.4034172,5.274193548,8.011403768,8.841846275,4.174669113,34.40159811,1.838709677,14.03225806,1
2633,2089,433,36,103,193,61,28,18,1,0,0,0,0,0,0,0,0,0,0,0,1,0,0,0,1,2,0,0,0,1.520289855,1.806477536,1.690996739,4.82448037,12.02777778,702,1.621247113,83,0.191685912,165,0.381062356,125,0.288683603,0.69,0.649024891,0,0,0,1,1,0,3,0,0.010309278,0,0.349514563,2,0,9,59,0.059495192,0.052283654,0.888221154,7.307191429,57.46929978,8.231549269,-348.217144,7.319444444,12.4785476,11.80336592,4.263344983,50.13401334,3.472222222,19.5,1
465,358,83,7,25,31,15,7,9,0,0,0,0,0,0,0,0,0,0,0,0,0,0,0,0,0,1,0,0,0,1.529230769,1.894303077,1.734073846,4.313253012,11.85714286,120,1.445783133,9,0.108433735,23,0.277108434,15,0.180722892,0.83,0.56454389,0,0,0,0,0,0,0,0,0.0625,0,0.28,1,0,2,14,0.071428571,0.050595238,0.87797619,4.813993115,72.48674699,6.094526678,-346.1092255,6.214285714,9.08020654,9.606745406,4.241735972,39.56798623,2.142857143,17.14285714,0
102,76,22,0,5,11,4,3,0,0,0,0,0,0,0,0,0,0,0,0,0,0,0,0,0,0,0,0,0,0,1.476923077,1.916623077,1.593561538,3.454545455,0,27,1.227272727,2,0.090909091,4,0.181818182,2,0.090909091,0.95,0.409090909,0,0,0,0,0,0,0,0,0.083333333,0,0,0,0,1,3,0.068181818,0.113636364,0.818181818,-5.159090909,103.0077273,-1.108181818,4.547272727,0,3.636363636,0,3.650854545,18.18181818,0,0,1
622,494,109,8,20,46,18,10,4,0,0,0,0,0,0,0,0,0,0,0,0,1,0,0,0,1,0,0,0,0,1.388405797,1.837736232,1.648489855,4.532110092,13.625,161,1.47706422,13,0.119266055,35,0.321100917,27,0.247706422,0.82,0.629587156,0,0,0,0,0,0,0,0,0.042553191,0,0.4,1,0,2,16,0.078488372,0.055232558,0.86627907,6.728738532,68.04599197,7.153107798,-397.8558716,7.4375,10.2206422,10.41145118,4.33113211,45.73509174,3.375,20.125,1
70,56,13,0,2,5,2,2,1,0,0,0,0,0,0,0,0,0,0,0,0,0,0,0,0,0,0,0,0,0,1.257142857,1.767,1.471471429,4.307692308,0,18,1.384615385,1,0.076923077,4,0.307692308,2,0.153846154,1,0.461538462,0,0,0,0,0,0,0,0,0.333333333,0,0,0,0,0,2,0.035714286,0.017857143,0.946428571,-1.140769231,89.69653846,0.748461538,9.572307692,0,3.076923077,0,3.648646154,30.76923077,0,0,1
109,85,18,3,7,5,1,0,1,0,0,0,0,0,0,0,0,0,0,0,0,0,0,0,0,0,0,0,0,0,1.385714286,1.720392857,1.674064286,4.722222222,6,29,1.611111111,3,0.166666667,6,0.333333333,5,0.277777778,1.06,0.722222222,0,0,0,0,0,0,0,0,0.166666667,0,0.428571429,0,0,0,1,0.078125,0.09375,0.828125,3.811666667,64.445,5.761111111,-167.9861111,3,9.066666667,8.841846275,3.960416667,39.33333333,1.666666667,9.666666667,0
418,319,81,7,18,45,11,2,3,0,0,0,0,0,0,1,0,0,0,0,0,0,0,0,0,1,4,0,0,0,1.507692308,1.9255,1.749776923,3.938271605,11.57142857,102,1.259259259,4,0.049382716,21,0.259259259,15,0.185185185,0.72,0.587301587,0,0,0,0,0,2,4,0,0.043478261,0,0.388888889,0,0,2,9,0.079545455,0.049242424,0.871212121,2.904973545,88.55666667,3.782116402,-339.7464374,5.357142857,6.603880071,7.44753027,4.218240388,37.4973545,2.142857143,14.57142857,1
1114,838,184,32,93,101,18,10,8,0,0,0,0,0,0,0,0,0,1,0,0,0,0,0,0,0,0,0,0,1,1.533846154,1.87245,1.734763846,4.554347826,5.75,267,1.451086957,27,0.14673913,60,0.326086957,47,0.255434783,0.71,0.694293478,0,0,0,0,0,0,5,0,0.019607843,0,0.344086022,1,0,6,12,0.063172043,0.034946237,0.90188172,2.895978261,78.23679348,3.775326087,-161.4748913,2.71875,8.169565217,8.376592526,3.944870109,38.35869565,1.46875,8.34375,1
947,730,178,12,36,76,30,8,10,0,0,0,0,0,0,0,0,0,0,0,0,1,0,0,0,1,0,0,0,0,1.552517986,1.856756115,1.735751079,4.101123596,14.83333333,248,1.393258427,20,0.112359551,40,0.224719101,25,0.140449438,0.67,0.493445693,0,0,0,0,0,0,1,0,0.025974026,0,0.333333333,0,0,7,23,0.051724138,0.04454023,0.903735632,5.302958802,73.90950375,6.635449438,-436.644382,8.083333333,10.42771536,10.50422373,4.389974906,37.30524345,2.083333333,20.66666667,1
259,206,49,4,5,27,7,1,3,0,0,0,0,0,0,0,0,0,0,0,0,0,0,0,0,0,1,0,0,0,1.558823529,1.837,1.660311765,4.204081633,12.25,61,1.244897959,2,0.040816327,10,0.204081633,4,0.081632653,0.9,0.821428571,0,0,0,0,0,0,1,0,0.071428571,0,0.8,0,0,1,6,0.052884615,0.004807692,0.942307692,4.49622449,89.08288265,3.877295918,-358.5379592,5.625,6.532653061,7.16862163,4.250544898,32.65816327,1,15.25,1
493,375,88,10,31,44,16,3,5,1,0,0,0,0,0,0,0,0,0,0,0,0,0,0,0,0,0,0,0,0,1.6125,1.792848438,1.698729688,4.261363636,8.8,120,1.363636364,8,0.090909091,28,0.318181818,18,0.204545455,0.84,0.634090909,0,0,0,1,1,0,1,0,0.044444444,0,0.322580645,1,0,4,11,0.046875,0.046875,0.90625,3.041022727,82.53936364,3.932909091,-254.7005682,4.2,7.156363636,8.238735603,4.087334545,40.61818182,1.8,12,0
28,22,6,1,1,6,0,0,0,0,0,0,0,0,0,0,0,0,0,0,0,1,0,0,0,1,0,0,0,0,0,0,0,3.666666667,6,6,1,0,0,0,0,0,0,0.83,2,0,0,0,0,0,0,0,0,0,0,1,0,0,0,0,0,0,0,-1.16,116.145,-1.45,-174.2033333,2,2.4,3.1291,3.9341,6,0,6,1
450,353,87,5,11,47,13,5,1,0,0,0,0,0,0,0,0,0,0,0,0,2,0,0,0,2,0,0,0,0,1.509090909,1.87752,1.665694545,4.057471264,17.4,114,1.310344828,9,0.103448276,20,0.229885057,16,0.183908046,0.68,0.786206897,0,0,0,0,0,0,0,0,0.041666667,0,0.454545455,0,0,2,12,0.041666667,0.023809524,0.93452381,6.380689655,78.31882759,6.658068966,-513.9014943,10.5,11.09793103,10.79355341,4.515874483,40.38850575,3.2,22.8,1
161,136,21,3,5,21,0,0,0,0,0,0,0,0,0,0,0,0,0,0,0,0,0,0,0,0,0,0,0,0,0,0,0,6.476190476,7,49,2.333333333,8,0.380952381,12,0.571428571,12,0.571428571,0.86,1.714285714,0,0,0,0,0,0,0,0,0,0,0.6,0,0,0,0,0,0,0,12.57285714,2.33,14.67333333,-187.6552381,5.166666667,18.03809524,12.4579756,4.043852381,64.14285714,4,16.33333333,0
45,34,9,2,2,6,1,0,0,0,0,0,0,0,0,0,0,0,0,0,0,0,0,0,0,0,0,0,0,0,1.133333333,2.0106,1.508333333,3.777777778,4.5,11,1.222222222,1,0.111111111,2,0.222222222,0,0,1,0.944444444,0,0,0,0,0,0,0,0,0,0,1,0,0,0,1,0.25,0,0.75,-1.386666667,98.8675,0.587222222,-128.5488889,1.75,6.244444444,7.16862163,3.877244444,26.72222222,0,5.5,1
142,108,27,4,7,10,6,2,0,0,0,0,0,0,0,0,0,0,0,0,0,0,0,0,0,0,0,0,0,0,1.433333333,1.753922222,1.692877778,4,6.75,35,1.296296296,2,0.074074074,9,0.333333333,3,0.111111111,0.93,0.657407407,0,0,0,0,0,0,0,0,0.090909091,0,0.571428571,0,0,1,6,0.05,0,0.95,0.785,90.31708333,2.338796296,-194.74,2.875,5.662962963,7.16862163,3.982996296,40.08333333,0.75,8.75,1
5,5,1,0,0,0,0,1,0,0,0,0,0,0,0,0,0,0,0,0,0,0,0,0,0,0,0,0,0,0,2.6,2,1.875,5,0,1,1,0,0,0,0,0,0,1,0,0,0,0,0,0,0,0,0,0,0,0,0,0,0,0,0,0,1,2.12,122.235,-3.79,13.65,0,0,0,3.6365,0,0,0,1
73,60,12,2,2,6,1,0,1,0,0,0,0,0,0,0,0,0,0,0,0,0,0,0,0,0,0,0,0,0,1.114285714,1.948642857,1.519442857,5,6,19,1.583333333,1,0.083333333,6,0.5,4,0.333333333,1,0.916666667,0,0,0,0,0,0,0,0,0.142857143,0,1,0,0,0,1,0.3125,0.03125,0.65625,5.12,66.795,5.433333333,-166.35,2.5,5.733333333,7.16862163,3.947258333,56,2,9.5,1
1248,946,212,28,90,89,34,12,23,0,0,0,0,0,0,1,0,0,1,0,0,1,0,0,0,2,1,0,0,1,1.541772152,1.884292405,1.672390506,4.462264151,7.571428571,310,1.462264151,30,0.141509434,58,0.273584906,44,0.20754717,0.71,0.578167116,0,0,0,0,0,2,3,0,0.022222222,0,0.311111111,6,0,4,36,0.081653226,0.050403226,0.867943548,3.372978437,75.44245283,4.617574124,-216.6601213,3.857142857,8.688948787,9.04235418,4.034387197,34.92991914,1.571428571,11.07142857,1
415,326,69,7,21,32,12,4,7,0,0,0,0,0,0,0,0,0,0,0,0,0,0,0,0,0,0,0,0,0,1.46440678,1.941755932,1.660427119,4.724637681,9.857142857,101,1.463768116,9,0.130434783,19,0.275362319,17,0.246376812,0.81,0.606625259,0,0,0,0,0,0,1,0,0.060606061,0,0.333333333,1,0,4,8,0.119047619,0.053571429,0.827380952,5.751614907,72.99521739,5.526749482,-283.6861698,5.214285714,9.160248447,9.606745406,4.146009938,37.39337474,2.428571429,14.42857143,1
252,197,47,7,7,22,8,2,3,1,0,0,0,0,0,0,0,0,0,0,0,1,0,0,0,1,0,0,0,0,1.684848485,1.889433333,1.761615152,4.191489362,6.714285714,65,1.382978723,4,0.085106383,12,0.255319149,8,0.170212766,0.89,0.589665653,0,0,0,0,0,0,2,0,0.086956522,0,1,0,0,2,6,0.041666667,0.041666667,0.916666667,1.669057751,83.02,3.347720365,-192.5406991,2.928571429,6.089969605,7.44753027,3.982966869,32.24620061,1.142857143,9.285714286,1
44,35,9,1,1,7,1,0,1,0,0,0,0,0,0,0,0,0,0,0,0,0,0,0,0,0,0,0,0,0,1.9,1.859825,1.669125,3.888888889,9,13,1.444444444,1,0.111111111,2,0.222222222,1,0.111111111,0.89,1.555555556,0,0,0,0,0,0,0,0,0.125,0,1,0,0,0,1,0.09375,0.09375,0.8125,1.386666667,75.5,4.964444444,-262.8944444,4.5,8.044444444,8.841846275,4.100444444,31.22222222,1,13,1
3,3,1,0,0,1,0,0,0,0,0,0,0,0,0,0,0,0,0,0,0,0,0,0,0,0,0,0,0,0,0,0,0,3,0,1,1,0,0,0,0,0,0,1,0,0,0,0,0,0,0,0,0,0,0,0,0,0,0,0,0,0,0,-7.3,122.235,-3.79,1.87,0,0,0,3.6365,0,0,0,0
65,53,10,2,3,6,1,0,1,0,0,0,0,0,0,0,0,0,0,0,0,0,0,0,0,0,0,0,0,0,1.84,1.98874,1.79361,5.3,5,16,1.6,1,0.1,5,0.5,2,0.2,1,1.2,0,0,0,0,0,0,0,0,0.142857143,0,0.666666667,0,0,0,1,0,0.083333333,0.916666667,6.033,66.4,5.24,-134.583,2,6,7.16862163,3.90029,55,1,8,1
59,45,11,1,4,3,5,0,1,0,0,0,0,0,0,0,0,0,0,0,0,0,0,0,0,0,0,0,0,0,1.175,1.695675,1.5712375,4.090909091,11,15,1.363636364,1,0.090909091,4,0.363636364,3,0.272727273,1.09,1.272727273,0,0,0,0,0,0,0,0,0.25,0,0.25,0,0,1,4,0.15625,0.03125,0.8125,3.338181818,80.30636364,4.790909091,-321.7045455,5.5,8.036363636,8.841846275,4.196454545,47.36363636,3,15,1
21,18,4,0,0,2,1,0,0,0,0,0,0,0,0,0,0,0,0,0,0,0,0,0,0,0,0,0,0,0,1.6,1.475,1.7488,4.5,0,5,1.25,0,0,1,0.25,1,0.25,1,0.5,0,0,0,0,0,0,0,0,0,0,0,0,0,0,1,0.041666667,0,0.958333333,-0.235,101.085,-0.84,10.705,0,0,0,3.6365,25,0,0,1
179,144,32,2,4,12,6,2,2,0,0,0,0,0,0,0,0,0,0,0,0,0,0,0,0,0,0,0,0,0,1.504761905,1.833642857,1.616080952,4.5,16,46,1.4375,5,0.15625,6,0.1875,5,0.15625,0.88,1,0,0,0,0,0,0,0,0,0.153846154,0,0.5,0,0,5,1,0.115384615,0.019230769,0.865384615,7.765,68.9825,7.6125,-469.295,10.5,12.65,12.16174496,4.454771875,34.75,2.5,23,1
